depth	min	max	median	mean
0	641	2769	1827	1800
1	716	2801	1875	1853
2	809	2836	1929	1905
3	885	2873	1981	1958
4	942	2921	2034	2011
5	984	2982	2093	2064
6	1084	3022	2138	2116
7	1167	3045	2186	2167
8	1238	3076	2243	2219
9	1298	3127	2295	2270
10	1353	3163	2347	2322
11	1452	3207	2395	2373
12	1535	3231	2446	2424
13	1591	3268	2495	2475
14	1649	3310	2544	2526
15	1696	3361	2596	2577
16	1805	3384	2643	2628
17	1899	3414	2692	2680
18	1990	3449	2740	2731
19	2052	3492	2789	2783
20	2086	3546	2838	2835
21	2210	3568	2886	2886
22	2304	3588	2932	2937
23	2408	3632	2981	2988
24	2484	3685	3032	3040
25	2553	3718	3087	3091
26	2628	3764	3137	3144
27	2689	3816	3189	3197
28	2744	3868	3242	3249
29	2775	3924	3292	3302
30	2810	4005	3338	3355
31	2866	4053	3395	3410
32	2909	4121	3449	3466
33	2946	4201	3506	3521
34	2973	4295	3559	3577
35	2996	4412	3609	3632
36	3063	4455	3665	3688
37	3106	4506	3724	3744
38	3143	4559	3778	3799
39	3184	4628	3833	3855
40	3209	4717	3887	3911
41	3263	4757	3941	3965
42	3307	4832	3997	4019
43	3342	4900	4055	4073
44	3374	4988	4112	4127
45	3406	5059	4165	4181
46	3457	5106	4223	4237
47	3501	5171	4279	4293
48	3551	5226	4338	4349
49	3589	5289	4393	4404
50	3627	5385	4446	4460
51	3699	5423	4499	4514
52	3748	5476	4555	4568
53	3792	5533	4610	4622
54	3828	5614	4664	4676
55	3869	5692	4715	4731
56	3938	5728	4768	4784
57	3995	5763	4816	4837
58	4040	5816	4872	4891
59	4082	5871	4921	4944
60	4129	5940	4978	4998
61	4195	5979	5037	5054
62	4260	6023	5098	5111
63	4307	6092	5156	5168
64	4348	6172	5210	5224
65	4379	6238	5270	5281
66	4453	6276	5323	5334
67	4515	6320	5378	5388
68	4563	6360	5431	5441
69	4620	6414	5484	5495
70	4655	6484	5538	5548
71	4717	6509	5592	5603
72	4784	6563	5648	5657
73	4836	6600	5707	5712
74	4887	6647	5761	5766
75	4923	6732	5820	5821
76	5000	6772	5875	5874
77	5065	6803	5926	5928
78	5130	6847	5981	5981
79	5178	6894	6033	6034
80	5218	6977	6085	6088
81	5300	7002	6137	6144
82	5371	7049	6183	6201
83	5435	7095	6246	6257
84	5472	7144	6306	6314
85	5512	7218	6364	6371
86	5594	7259	6414	6425
87	5674	7313	6466	6480
88	5728	7369	6521	6535
89	5783	7424	6576	6590
90	5813	7497	6628	6645
91	5893	7561	6691	6706
92	5936	7638	6748	6768
93	5983	7733	6808	6829
94	6033	7828	6862	6890
95	6075	7956	6920	6951
96	6143	8015	6983	7014
97	6190	8095	7044	7076
98	6217	8171	7109	7138
99	6256	8270	7173	7200
100	6285	8366	7230	7262
101	6336	8429	7297	7323
102	6384	8501	7360	7384
103	6413	8588	7421	7444
104	6448	8700	7477	7505
105	6479	8790	7533	7566
106	6540	8841	7596	7626
107	6601	8931	7658	7686
108	6652	8999	7714	7746
109	6702	9086	7776	7806
110	6737	9179	7837	7866
111	6783	9246	7896	7927
112	6823	9304	7961	7989
113	6849	9398	8011	8050
114	6895	9478	8076	8111
115	6932	9572	8146	8172
116	7008	9622	8203	8231
117	7066	9677	8261	8289
118	7124	9734	8317	8347
119	7171	9780	8375	8406
120	7206	9889	8432	8464
121	7283	9931	8497	8525
122	7343	10001	8560	8587
123	7397	10060	8621	8648
124	7438	10172	8681	8709
125	7468	10271	8736	8770
126	7514	10319	8803	8830
127	7562	10389	8860	8891
128	7605	10459	8919	8951
129	7644	10555	8981	9011
130	7682	10653	9037	9071
131	7740	10710	9098	9132
132	7797	10775	9160	9192
133	7860	10854	9221	9253
134	7902	10925	9279	9313
135	7956	10998	9338	9374
136	8015	11082	9394	9435
137	8065	11137	9465	9496
138	8117	11192	9526	9558
139	8170	11259	9592	9619
140	8204	11339	9654	9680
141	8265	11402	9709	9740
142	8313	11462	9774	9800
143	8352	11537	9839	9859
144	8413	11590	9896	9919
145	8457	11679	9958	9979
146	8516	11733	10021	10040
147	8595	11783	10084	10101
148	8648	11852	10152	10162
149	8692	11938	10211	10222
150	8738	12032	10271	10283
151	8805	12096	10328	10345
152	8850	12136	10387	10406
153	8903	12214	10449	10468
154	8929	12298	10506	10529
155	8975	12388	10570	10591
156	9042	12422	10634	10651
157	9089	12498	10694	10712
158	9136	12542	10753	10772
159	9184	12623	10811	10833
160	9224	12699	10875	10893
161	9290	12764	10934	10955
162	9349	12834	10989	11017
163	9414	12901	11050	11078
164	9460	12967	11122	11140
165	9518	13034	11188	11202
166	9560	13108	11256	11263
167	9606	13182	11329	11324
168	9655	13209	11391	11385
169	9703	13278	11454	11445
170	9748	13322	11520	11506
171	9802	13363	11578	11569
172	9858	13429	11640	11631
173	9916	13491	11700	11694
174	9968	13537	11766	11756
175	10002	13642	11829	11818
176	10094	13681	11894	11879
177	10149	13723	11950	11940
178	10196	13793	12009	12001
179	10253	13883	12076	12062
180	10293	13947	12135	12123
181	10347	14001	12193	12183
182	10411	14057	12258	12244
183	10449	14125	12322	12304
184	10486	14201	12386	12365
185	10534	14276	12447	12425
186	10603	14308	12516	12486
187	10650	14370	12572	12547
188	10700	14429	12641	12608
189	10760	14483	12706	12670
190	10819	14559	12775	12731
191	10883	14607	12837	12791
192	10945	14665	12905	12852
193	10993	14751	12963	12913
194	11033	14826	13022	12974
195	11069	14896	13092	13035
196	11145	14951	13149	13089
197	11174	14984	13209	13144
198	11213	15027	13267	13199
199	11250	15095	13320	13253
200	11298	15175	13376	13308
201	11357	15229	13424	13360
202	11409	15292	13475	13412
203	11459	15348	13528	13464
204	11514	15380	13582	13516
205	11546	15420	13631	13568
206	11589	15458	13676	13620
207	11661	15494	13726	13672
208	11713	15536	13771	13723
209	11754	15606	13828	13775
210	11787	15678	13875	13826
211	11850	15736	13925	13878
212	11902	15777	13977	13929
213	11956	15816	14032	13981
214	11994	15873	14085	14032
215	12030	15931	14135	14083
216	12094	15983	14188	14135
217	12155	16035	14241	14186
218	12207	16100	14291	14237
219	12248	16175	14339	14288
220	12299	16243	14392	14340
221	12361	16288	14439	14391
222	12395	16346	14489	14442
223	12451	16417	14543	14493
224	12507	16468	14591	14545
225	12553	16538	14642	14596
226	12604	16578	14693	14646
227	12656	16611	14744	14697
228	12699	16658	14798	14747
229	12728	16709	14848	14798
230	12770	16752	14894	14849
231	12835	16814	14947	14900
232	12897	16866	14997	14952
233	12952	16938	15047	15004
234	12999	16995	15103	15056
235	13059	17068	15156	15108
236	13103	17125	15207	15160
237	13153	17165	15251	15213
238	13207	17207	15307	15265
239	13252	17256	15359	15317
240	13281	17300	15411	15370
241	13340	17340	15458	15422
242	13393	17400	15511	15474
243	13459	17454	15568	15526
244	13503	17492	15621	15579
245	13557	17551	15669	15631
246	13616	17589	15720	15683
247	13682	17662	15769	15735
248	13712	17719	15817	15787
249	13780	17786	15864	15838
250	13828	17859	15913	15890
251	13883	17899	15963	15942
252	13965	17972	16016	15993
253	14013	18028	16067	16044
254	14063	18077	16113	16095
255	14113	18146	16163	16146
256	14165	18175	16210	16197
257	14213	18212	16265	16248
258	14254	18250	16315	16298
259	14299	18294	16372	16349
260	14324	18349	16420	16400
261	14393	18390	16462	16452
262	14443	18471	16514	16503
263	14507	18523	16568	16555
264	14563	18589	16623	16607
265	14625	18657	16674	16658
266	14695	18704	16732	16709
267	14744	18742	16786	16760
268	14808	18790	16843	16811
269	14862	18835	16885	16862
270	14897	18894	16943	16913
271	14955	18918	16990	16962
272	15007	18963	17038	17011
273	15065	19006	17087	17060
274	15109	19063	17131	17109
275	15160	19099	17176	17158
276	15226	19128	17228	17208
277	15269	19205	17279	17258
278	15308	19227	17334	17309
279	15361	19264	17381	17359
280	15407	19331	17429	17410
281	15470	19359	17483	17462
282	15558	19431	17534	17514
283	15611	19501	17588	17566
284	15665	19538	17631	17618
285	15700	19623	17683	17670
286	15750	19654	17738	17721
287	15791	19707	17786	17773
288	15837	19737	17843	17824
289	15870	19787	17888	17875
290	15906	19868	17941	17927
291	15996	19911	17992	17978
292	16072	19955	18040	18030
293	16115	20004	18091	18081
294	16163	20064	18148	18133
295	16210	20111	18196	18184
296	16253	20147	18247	18235
297	16303	20179	18297	18286
298	16349	20229	18349	18337
299	16395	20282	18393	18388
300	16445	20339	18440	18438
301	16499	20385	18487	18488
302	16558	20445	18539	18538
303	16599	20498	18589	18588
304	16649	20550	18635	18638
305	16703	20608	18687	18688
306	16764	20672	18740	18739
307	16794	20723	18796	18790
308	16850	20776	18847	18841
309	16895	20809	18894	18892
310	16948	20863	18951	18943
311	17014	20887	19000	18994
312	17057	20948	19059	19046
313	17113	20985	19117	19098
314	17174	21039	19173	19150
315	17208	21086	19229	19201
316	17267	21133	19281	19253
317	17336	21155	19327	19305
318	17377	21192	19379	19357
319	17461	21240	19433	19408
320	17509	21290	19481	19460
321	17560	21324	19533	19509
322	17642	21370	19582	19559
323	17715	21416	19630	19608
324	17775	21468	19681	19657
325	17820	21530	19735	19707
326	17882	21573	19779	19759
327	17935	21601	19834	19812
328	17982	21652	19887	19864
329	18012	21711	19943	19916
330	18065	21778	20000	19969
331	18119	21813	20052	20020
332	18173	21852	20103	20071
333	18221	21911	20150	20121
334	18276	21966	20200	20172
335	18320	22005	20243	20223
336	18383	22049	20301	20275
337	18461	22097	20354	20327
338	18530	22140	20398	20379
339	18573	22201	20445	20430
340	18623	22267	20495	20482
341	18694	22310	20544	20535
342	18748	22374	20596	20587
343	18823	22414	20646	20640
344	18874	22458	20703	20693
345	18929	22525	20763	20745
346	18984	22565	20813	20797
347	19039	22636	20862	20849
348	19092	22666	20911	20901
349	19149	22749	20970	20954
350	19190	22808	21026	21006
351	19248	22839	21075	21057
352	19300	22865	21123	21108
353	19331	22908	21173	21159
354	19382	22957	21226	21210
355	19430	23012	21279	21262
356	19518	23045	21332	21314
357	19565	23079	21388	21367
358	19636	23118	21449	21420
359	19686	23166	21499	21473
360	19730	23214	21546	21525
361	19789	23262	21602	21577
362	19849	23297	21648	21629
363	19904	23342	21699	21681
364	19954	23410	21750	21733
365	20009	23463	21798	21785
366	20074	23504	21849	21837
367	20137	23547	21903	21890
368	20164	23591	21958	21942
369	20235	23649	22007	21994
370	20288	23705	22057	22047
371	20344	23744	22114	22099
372	20411	23776	22171	22150
373	20467	23820	22225	22202
374	20519	23861	22273	22253
375	20565	23934	22323	22305
376	20627	23967	22378	22356
377	20679	24022	22423	22407
378	20744	24056	22473	22458
379	20806	24108	22523	22508
380	20866	24171	22572	22559
381	20912	24212	22624	22609
382	20958	24258	22668	22659
383	21016	24307	22718	22710
384	21070	24370	22769	22760
385	21105	24422	22822	22810
386	21188	24470	22870	22859
387	21258	24503	22918	22909
388	21298	24545	22965	22959
389	21348	24593	23015	23009
390	21402	24652	23067	23059
391	21462	24690	23114	23109
392	21526	24729	23161	23159
393	21568	24784	23217	23209
394	21606	24830	23270	23259
395	21650	24877	23325	23309
396	21709	24916	23370	23356
397	21738	24959	23415	23403
398	21776	24994	23460	23451
399	21821	25046	23503	23498
400	21858	25102	23546	23545
401	21912	25138	23600	23593
402	21969	25174	23650	23641
403	22001	25219	23695	23690
404	22068	25264	23743	23738
405	22121	25325	23793	23786
406	22188	25369	23843	23837
407	22237	25415	23892	23887
408	22290	25479	23939	23938
409	22360	25519	23979	23988
410	22407	25586	24028	24038
411	22453	25632	24077	24089
412	22508	25678	24132	24139
413	22578	25732	24187	24190
414	22637	25777	24236	24240
415	22700	25817	24291	24290
416	22749	25870	24338	24341
417	22789	25917	24397	24391
418	22856	25955	24449	24442
419	22897	26026	24502	24492
420	22936	26097	24556	24543
421	23009	26128	24611	24595
422	23072	26163	24661	24648
423	23115	26229	24711	24700
424	23159	26281	24767	24752
425	23207	26348	24814	24805
426	23260	26397	24858	24856
427	23305	26442	24912	24907
428	23356	26521	24959	24958
429	23411	26568	25011	25009
430	23464	26616	25062	25061
431	23529	26674	25114	25113
432	23579	26722	25162	25165
433	23633	26768	25220	25216
434	23689	26841	25272	25268
435	23724	26916	25328	25320
436	23788	26959	25376	25372
437	23846	26999	25427	25423
438	23904	27033	25480	25474
439	23939	27074	25529	25525
440	23975	27135	25582	25576
441	24038	27178	25638	25628
442	24087	27232	25690	25680
443	24130	27282	25739	25731
444	24184	27332	25788	25783
445	24236	27385	25834	25835
446	24304	27413	25888	25886
447	24363	27456	25943	25938
448	24408	27489	26002	25989
449	24454	27546	26053	26041
450	24494	27618	26100	26092
451	24553	27660	26151	26145
452	24605	27721	26206	26198
453	24641	27789	26260	26251
454	24687	27847	26316	26303
455	24722	27909	26364	26356
456	24804	27942	26423	26410
457	24875	27979	26474	26463
458	24940	28041	26524	26517
459	24993	28100	26573	26570
460	25043	28162	26620	26624
461	25095	28199	26677	26676
462	25147	28264	26729	26727
463	25217	28325	26784	26778
464	25277	28393	26835	26830
465	25308	28443	26884	26881
466	25366	28487	26937	26933
467	25404	28536	26991	26985
468	25466	28570	27044	27037
469	25501	28628	27098	27089
470	25544	28690	27155	27141
471	25577	28741	27206	27192
472	25623	28785	27254	27242
473	25675	28850	27314	27293
474	25722	28915	27360	27344
475	25776	28980	27407	27394
476	25835	29015	27460	27445
477	25867	29052	27503	27495
478	25936	29094	27555	27546
479	25986	29150	27606	27596
480	26036	29207	27653	27647
481	26082	29258	27713	27697
482	26141	29292	27763	27747
483	26195	29332	27809	27798
484	26258	29384	27865	27848
485	26300	29457	27910	27898
486	26338	29500	27961	27949
487	26395	29545	28013	27999
488	26454	29618	28065	28050
489	26481	29683	28117	28100
490	26530	29744	28163	28151
491	26598	29781	28205	28203
492	26644	29833	28258	28255
493	26687	29886	28312	28306
494	26734	29935	28367	28358
495	26785	29998	28414	28410
496	26829	30044	28472	28462
497	26875	30097	28525	28513
498	26921	30143	28582	28565
499	26975	30200	28630	28616
500	27012	30257	28680	28668
501	27063	30304	28731	28719
502	27121	30342	28780	28769
503	27172	30400	28822	28820
504	27210	30459	28876	28871
505	27255	30525	28918	28922
506	27312	30581	28975	28974
507	27358	30610	29024	29026
508	27410	30644	29085	29078
509	27461	30703	29139	29130
510	27512	30761	29192	29182
511	27590	30817	29241	29234
512	27632	30880	29288	29285
513	27680	30927	29341	29337
514	27719	31021	29392	29389
515	27761	31088	29444	29440
516	27810	31137	29500	29493
517	27867	31208	29548	29545
518	27909	31258	29607	29598
519	27947	31324	29664	29650
520	28001	31380	29723	29703
521	28046	31433	29776	29755
522	28102	31469	29824	29808
523	28129	31523	29877	29860
524	28209	31552	29931	29913
525	28262	31601	29981	29965
526	28305	31651	30035	30015
527	28333	31692	30087	30064
528	28365	31747	30136	30114
529	28397	31816	30185	30164
530	28465	31875	30243	30213
531	28519	31914	30288	30263
532	28559	31946	30335	30313
533	28605	31990	30382	30363
534	28654	32037	30431	30413
535	28701	32113	30474	30462
536	28742	32156	30529	30511
537	28788	32204	30580	30560
538	28841	32273	30626	30608
539	28881	32322	30675	30657
540	28908	32404	30723	30706
541	28965	32442	30769	30754
542	29024	32478	30818	30802
543	29093	32517	30864	30850
544	29124	32577	30912	30898
545	29157	32658	30954	30946
546	29211	32706	31007	30995
547	29257	32748	31056	31044
548	29305	32801	31102	31094
549	29349	32867	31151	31143
550	29385	32928	31197	31192
551	29438	32979	31248	31241
552	29459	33017	31305	31289
553	29493	33058	31350	31338
554	29535	33111	31401	31387
555	29567	33166	31441	31435
556	29646	33215	31489	31484
557	29702	33275	31538	31532
558	29750	33324	31587	31580
559	29794	33375	31636	31628
560	29840	33420	31682	31677
561	29906	33456	31733	31725
562	29964	33513	31791	31774
563	30009	33579	31840	31823
564	30053	33625	31887	31871
565	30107	33671	31931	31920
566	30160	33715	31985	31969
567	30206	33764	32031	32018
568	30256	33836	32077	32066
569	30301	33916	32118	32115
570	30330	33975	32161	32164
571	30364	34021	32214	32212
572	30399	34055	32263	32260
573	30435	34112	32306	32309
574	30462	34139	32364	32357
575	30503	34206	32414	32405
576	30551	34258	32458	32453
577	30641	34300	32509	32501
578	30692	34333	32556	32549
579	30732	34391	32606	32597
580	30770	34438	32657	32645
581	30818	34488	32705	32693
582	30845	34555	32747	32740
583	30875	34600	32789	32787
584	30943	34648	32839	32834
585	30999	34699	32893	32882
586	31061	34741	32937	32931
587	31119	34780	32993	32980
588	31180	34821	33051	33029
589	31203	34870	33097	33078
590	31248	34930	33150	33127
591	31313	34984	33199	33176
592	31380	35045	33251	33224
593	31422	35099	33300	33273
594	31472	35147	33349	33322
595	31513	35190	33393	33371
596	31550	35252	33444	33420
597	31610	35299	33490	33470
598	31659	35356	33532	33519
599	31705	35410	33577	33568
600	31752	35466	33626	33618
601	31799	35512	33672	33667
602	31850	35559	33719	33716
603	31894	35609	33767	33765
604	31930	35668	33819	33814
605	31955	35746	33866	33863
606	32009	35777	33921	33913
607	32066	35821	33973	33963
608	32102	35878	34021	34012
609	32145	35929	34070	34062
610	32193	35987	34119	34111
611	32228	36047	34167	34160
612	32279	36089	34212	34210
613	32319	36149	34261	34259
614	32381	36202	34312	34309
615	32408	36268	34359	34358
616	32480	36308	34408	34406
617	32501	36374	34460	34455
618	32549	36432	34511	34503
619	32603	36474	34557	34551
620	32635	36538	34600	34600
621	32681	36598	34643	34648
622	32732	36643	34689	34697
623	32781	36700	34735	34746
624	32834	36765	34781	34794
625	32874	36841	34830	34843
626	32918	36874	34880	34892
627	32961	36930	34930	34940
628	33004	36986	34976	34989
629	33045	37043	35029	35037
630	33086	37086	35086	35086
631	33146	37129	35137	35135
632	33182	37192	35185	35184
633	33227	37248	35232	35232
634	33267	37300	35279	35281
635	33311	37374	35321	35330
636	33372	37439	35368	35379
637	33419	37503	35418	35427
638	33475	37559	35466	35475
639	33517	37620	35517	35524
640	33554	37678	35560	35572
641	33606	37720	35608	35620
642	33667	37766	35651	35667
643	33712	37826	35693	35715
644	33733	37860	35742	35763
645	33761	37916	35784	35810
646	33803	37976	35836	35859
647	33850	38015	35893	35907
648	33892	38077	35939	35956
649	33924	38134	35994	36004
650	33949	38212	36042	36053
651	34022	38264	36093	36101
652	34086	38312	36142	36150
653	34120	38364	36189	36199
654	34160	38432	36234	36247
655	34206	38467	36289	36296
656	34262	38519	36335	36343
657	34303	38586	36390	36390
658	34338	38633	36432	36438
659	34358	38677	36476	36485
660	34399	38718	36524	36533
661	34430	38766	36576	36580
662	34489	38813	36624	36627
663	34533	38870	36665	36675
664	34593	38928	36709	36722
665	34624	38968	36752	36770
666	34671	39004	36810	36818
667	34711	39074	36863	36865
668	34773	39136	36908	36913
669	34815	39191	36960	36961
670	34849	39256	36997	37009
671	34901	39298	37050	37058
672	34937	39350	37098	37107
673	34970	39419	37143	37156
674	35023	39467	37193	37205
675	35052	39517	37252	37254
676	35101	39596	37303	37303
677	35146	39653	37348	37353
678	35190	39722	37397	37402
679	35225	39758	37451	37452
680	35263	39801	37499	37501
681	35295	39855	37545	37548
682	35340	39880	37590	37596
683	35393	39927	37639	37644
684	35437	39997	37682	37691
685	35480	40053	37728	37739
686	35536	40100	37779	37788
687	35595	40177	37828	37836
688	35650	40237	37875	37885
689	35681	40291	37925	37934
690	35729	40339	37974	37983
691	35766	40387	38019	38033
692	35832	40452	38062	38082
693	35881	40506	38112	38131
694	35927	40539	38161	38181
695	35965	40598	38206	38230
696	36000	40653	38260	38279
697	36050	40713	38309	38328
698	36111	40768	38364	38377
699	36146	40825	38419	38426
700	36199	40888	38468	38474
701	36239	40948	38518	38524
702	36299	40998	38569	38574
703	36354	41045	38614	38624
704	36404	41122	38663	38674
705	36465	41182	38704	38723
706	36517	41248	38755	38772
707	36555	41297	38803	38821
708	36590	41342	38852	38871
709	36635	41397	38902	38920
710	36681	41448	38944	38969
711	36719	41497	38995	39018
712	36760	41536	39043	39067
713	36828	41594	39091	39116
714	36864	41643	39146	39165
715	36887	41730	39187	39214
716	36953	41751	39235	39263
717	37001	41804	39276	39313
718	37054	41853	39327	39363
719	37094	41947	39376	39413
720	37123	42030	39430	39462
721	37170	42088	39477	39511
722	37205	42132	39522	39559
723	37241	42177	39566	39607
724	37291	42235	39620	39655
725	37341	42316	39677	39704
726	37394	42371	39722	39752
727	37441	42426	39766	39800
728	37474	42468	39803	39849
729	37508	42521	39852	39897
730	37532	42591	39893	39945
731	37591	42645	39944	39993
732	37634	42714	39995	40041
733	37685	42767	40041	40088
734	37737	42804	40103	40136
735	37777	42864	40149	40184
736	37812	42908	40190	40232
737	37864	42942	40245	40280
738	37911	42976	40292	40328
739	37948	43037	40336	40377
740	37976	43091	40384	40425
741	38023	43146	40439	40473
742	38073	43191	40487	40522
743	38113	43249	40527	40570
744	38158	43299	40580	40618
745	38203	43375	40626	40666
746	38243	43418	40669	40715
747	38294	43456	40719	40764
748	38332	43487	40773	40813
749	38374	43560	40815	40862
750	38421	43603	40865	40911
751	38488	43665	40911	40961
752	38540	43744	40952	41010
753	38579	43817	41001	41059
754	38620	43869	41050	41109
755	38660	43927	41096	41158
756	38694	43984	41156	41207
757	38750	44045	41202	41255
758	38781	44103	41247	41303
759	38858	44154	41290	41352
760	38886	44184	41348	41400
761	38940	44250	41392	41448
762	38972	44297	41440	41497
763	39010	44360	41484	41546
764	39043	44432	41530	41594
765	39081	44480	41587	41643
766	39134	44523	41636	41692
767	39190	44569	41685	41742
768	39260	44618	41732	41791
769	39304	44682	41784	41840
770	39343	44727	41830	41889
771	39393	44806	41882	41938
772	39427	44869	41938	41986
773	39460	44939	41982	42034
774	39487	44976	42031	42083
775	39525	45044	42077	42131
776	39583	45089	42125	42179
777	39654	45149	42172	42227
778	39685	45200	42215	42274
779	39723	45233	42265	42322
780	39761	45296	42310	42370
781	39816	45342	42360	42418
782	39856	45406	42407	42465
783	39908	45457	42454	42513
784	39960	45523	42500	42560
785	40002	45556	42548	42608
786	40049	45597	42593	42655
787	40088	45634	42639	42702
788	40118	45662	42687	42749
789	40177	45699	42728	42795
790	40204	45747	42770	42842
791	40252	45816	42820	42891
792	40298	45863	42861	42940
793	40345	45907	42912	42989
794	40408	45984	42957	43038
795	40462	46037	43006	43087
796	40506	46086	43052	43137
797	40547	46156	43107	43187
798	40596	46217	43161	43236
799	40625	46282	43212	43286
800	40672	46373	43269	43336
801	40730	46422	43316	43385
802	40786	46460	43364	43434
803	40846	46540	43406	43484
804	40894	46578	43457	43533
805	40938	46634	43511	43582
806	40994	46669	43560	43630
807	41016	46717	43608	43677
808	41083	46784	43659	43725
809	41135	46829	43702	43772
810	41157	46892	43749	43819
811	41210	46953	43799	43867
812	41258	46992	43846	43915
813	41289	47024	43887	43963
814	41319	47065	43929	44011
815	41348	47098	43977	44059
816	41398	47150	44035	44108
817	41464	47205	44076	44157
818	41494	47263	44125	44207
819	41557	47309	44171	44256
820	41605	47366	44222	44305
821	41668	47420	44260	44353
822	41713	47480	44306	44402
823	41772	47519	44359	44450
824	41839	47567	44418	44498
825	41879	47637	44468	44547
826	41931	47680	44512	44595
827	41969	47726	44567	44643
828	42010	47797	44613	44691
829	42067	47850	44655	44740
830	42109	47909	44696	44788
