depth	min	max	median	mean
300	17567	18752	18289	18236
301	17579	18756	18294	18240
302	17584	18759	18300	18245
303	17591	18761	18304	18250
304	17594	18762	18310	18255
305	17601	18768	18314	18260
306	17606	18773	18318	18264
307	17608	18779	18323	18269
308	17613	18783	18328	18274
309	17619	18785	18333	18279
310	17623	18788	18338	18284
311	17632	18792	18342	18288
312	17638	18797	18346	18293
313	17645	18803	18350	18298
314	17650	18806	18355	18303
315	17656	18808	18360	18308
316	17660	18811	18363	18313
317	17664	18814	18369	18317
318	17666	18817	18374	18322
319	17672	18821	18379	18327
320	17681	18827	18383	18332
321	17689	18830	18386	18337
322	17694	18833	18393	18342
323	17702	18836	18398	18346
324	17709	18840	18403	18351
325	17716	18845	18407	18356
326	17724	18852	18413	18361
327	17731	18856	18419	18366
328	17735	18860	18424	18371
329	17744	18865	18430	18376
330	17749	18870	18435	18380
331	17754	18873	18440	18385
332	17763	18876	18445	18390
333	17769	18880	18449	18395
334	17776	18882	18453	18400
335	17782	18888	18457	18405
336	17788	18895	18463	18410
337	17794	18901	18468	18415
338	17800	18906	18473	18419
339	17805	18912	18478	18424
340	17807	18918	18482	18429
341	17818	18920	18487	18434
342	17822	18921	18492	18439
343	17831	18925	18498	18445
344	17838	18929	18504	18450
345	17848	18933	18510	18455
346	17856	18935	18516	18460
347	17864	18937	18522	18465
348	17874	18939	18527	18470
349	17879	18942	18533	18475
350	17887	18944	18539	18480
351	17894	18948	18544	18486
352	17900	18950	18550	18491
353	17906	18958	18555	18496
354	17912	18961	18559	18501
355	17918	18966	18564	18506
356	17922	18969	18568	18511
357	17925	18975	18573	18516
358	17930	18983	18579	18521
359	17936	18990	18584	18527
360	17941	18994	18590	18532
361	17946	18996	18595	18537
362	17953	18999	18598	18542
363	17955	19001	18602	18546
364	17964	19004	18608	18551
365	17971	19010	18613	18556
366	17976	19013	18617	18561
367	17981	19018	18624	18566
368	17986	19020	18629	18571
369	17992	19025	18635	18576
370	17997	19029	18639	18581
371	18002	19034	18645	18586
372	18007	19037	18650	18591
373	18012	19041	18655	18596
374	18018	19045	18661	18601
375	18023	19048	18666	18605
376	18029	19051	18670	18610
377	18032	19061	18675	18615
378	18036	19065	18680	18620
379	18040	19070	18685	18625
380	18043	19074	18689	18630
381	18053	19076	18694	18635
382	18064	19077	18700	18640
383	18073	19081	18705	18645
384	18084	19084	18710	18650
385	18094	19089	18715	18655
386	18105	19094	18719	18660
387	18112	19099	18723	18665
388	18120	19104	18729	18670
389	18130	19106	18734	18675
390	18136	19109	18739	18680
391	18146	19112	18744	18685
392	18152	19113	18749	18690
393	18159	19116	18755	18695
394	18167	19120	18760	18700
395	18173	19125	18765	18705
396	18179	19131	18770	18710
397	18183	19136	18775	18715
398	18187	19144	18780	18720
399	18194	19147	18786	18725
400	18198	19150	18790	18729
401	18206	19158	18794	18734
402	18215	19162	18798	18738
403	18217	19164	18804	18743
404	18221	19172	18808	18747
405	18226	19173	18812	18752
406	18233	19177	18816	18756
407	18239	19179	18821	18761
408	18244	19182	18825	18765
409	18251	19183	18830	18770
410	18255	19185	18835	18774
411	18259	19189	18839	18779
412	18267	19191	18842	18783
413	18271	19195	18846	18788
414	18274	19203	18850	18792
415	18277	19206	18856	18797
416	18280	19210	18861	18801
417	18284	19218	18865	18806
418	18286	19224	18867	18810
419	18289	19230	18872	18815
420	18291	19239	18876	18819
421	18295	19241	18879	18823
422	18299	19247	18884	18827
423	18303	19251	18888	18831
424	18308	19254	18892	18835
425	18312	19260	18895	18839
426	18317	19264	18899	18843
427	18321	19271	18903	18847
428	18328	19275	18906	18852
429	18331	19280	18910	18856
430	18335	19284	18915	18860
431	18339	19291	18919	18864
432	18343	19295	18923	18868
433	18346	19301	18926	18872
434	18348	19306	18931	18876
435	18350	19309	18935	18880
436	18355	19317	18939	18884
437	18357	19322	18942	18888
438	18358	19327	18945	18892
439	18362	19330	18948	18896
440	18365	19338	18951	18900
441	18370	19341	18955	18904
442	18374	19344	18960	18909
443	18376	19352	18963	18913
444	18380	19357	18966	18917
445	18381	19363	18970	18921
446	18384	19365	18974	18925
447	18385	19369	18977	18929
448	18389	19376	18981	18933
449	18392	19379	18985	18937
450	18396	19383	18989	18941
451	18401	19388	18992	18945
452	18405	19393	18996	18949
453	18408	19398	19000	18953
454	18413	19401	19003	18958
455	18415	19407	19006	18962
456	18417	19411	19009	18966
457	18418	19419	19013	18970
458	18420	19426	19016	18974
459	18423	19434	19019	18978
460	18424	19441	19022	18982
461	18432	19445	19025	18986
462	18438	19448	19029	18990
463	18442	19451	19033	18994
464	18447	19454	19037	18999
465	18452	19458	19041	19003
466	18458	19462	19045	19007
467	18463	19466	19049	19011
468	18466	19469	19053	19015
469	18470	19471	19056	19019
470	18475	19473	19060	19023
471	18479	19479	19064	19027
472	18485	19481	19067	19032
473	18489	19484	19071	19036
474	18492	19489	19075	19040
475	18496	19495	19078	19044
476	18500	19498	19082	19048
477	18502	19503	19085	19052
478	18503	19508	19088	19056
479	18505	19513	19092	19060
480	18508	19520	19096	19065
481	18512	19523	19100	19069
482	18516	19528	19103	19073
483	18525	19531	19108	19077
484	18528	19533	19112	19081
485	18531	19536	19115	19085
486	18537	19539	19118	19089
487	18542	19541	19122	19093
488	18545	19543	19126	19097
489	18545	19550	19130	19101
490	18549	19556	19134	19105
491	18553	19562	19138	19109
492	18555	19564	19141	19113
493	18558	19568	19145	19117
494	18564	19574	19149	19121
495	18566	19580	19153	19125
496	18571	19584	19156	19129
497	18575	19592	19160	19133
498	18579	19600	19164	19137
499	18583	19607	19168	19141
500	18585	19611	19173	19145
501	18590	19615	19176	19149
502	18595	19617	19180	19153
503	18597	19619	19184	19158
504	18599	19622	19189	19162
505	18604	19625	19193	19166
506	18606	19627	19197	19170
507	18608	19631	19201	19174
508	18617	19636	19205	19178
509	18618	19638	19209	19182
510	18621	19645	19213	19186
511	18625	19652	19217	19191
512	18627	19658	19222	19195
513	18628	19662	19227	19199
514	18631	19668	19231	19203
515	18635	19674	19236	19207
516	18636	19681	19240	19211
517	18640	19689	19244	19215
518	18642	19693	19248	19220
519	18645	19697	19252	19224
520	18650	19704	19255	19228
521	18656	19706	19259	19232
522	18663	19709	19262	19236
523	18666	19712	19266	19240
524	18670	19719	19269	19244
525	18677	19721	19272	19248
526	18679	19724	19277	19252
527	18687	19728	19280	19256
528	18689	19735	19284	19260
529	18693	19743	19288	19264
530	18699	19748	19291	19268
531	18707	19753	19295	19272
532	18710	19757	19300	19276
533	18714	19763	19303	19280
534	18721	19769	19306	19284
535	18725	19774	19310	19288
536	18727	19775	19313	19292
537	18729	19780	19317	19296
538	18732	19786	19321	19300
539	18734	19792	19324	19304
540	18737	19796	19329	19308
541	18743	19800	19333	19312
542	18748	19803	19337	19316
543	18750	19806	19341	19320
544	18754	19809	19344	19324
545	18758	19814	19348	19328
546	18763	19816	19352	19332
547	18766	19820	19356	19336
548	18773	19825	19360	19340
549	18778	19828	19364	19344
550	18783	19833	19367	19348
551	18785	19836	19370	19352
552	18788	19843	19375	19356
553	18793	19846	19379	19360
554	18797	19849	19383	19364
555	18801	19852	19387	19368
556	18805	19855	19390	19372
557	18809	19862	19393	19376
558	18812	19868	19398	19380
559	18814	19874	19402	19384
560	18817	19877	19406	19389
561	18824	19881	19409	19393
562	18832	19886	19413	19397
563	18837	19891	19417	19401
564	18845	19897	19421	19405
565	18849	19900	19426	19409
566	18855	19902	19430	19413
567	18857	19904	19435	19417
568	18861	19908	19441	19421
569	18864	19913	19445	19425
570	18866	19919	19450	19429
571	18870	19924	19453	19433
572	18875	19926	19456	19437
573	18878	19933	19460	19441
574	18881	19939	19463	19445
575	18884	19943	19467	19449
576	18887	19945	19471	19453
577	18892	19947	19476	19458
578	18894	19956	19479	19462
579	18895	19962	19483	19466
580	18896	19966	19487	19470
581	18902	19971	19492	19474
582	18909	19974	19498	19478
583	18914	19979	19501	19482
584	18921	19984	19506	19486
585	18922	19987	19510	19490
586	18931	19994	19514	19494
587	18937	19997	19519	19499
588	18940	19998	19523	19503
589	18943	20000	19527	19507
590	18948	20004	19531	19511
591	18950	20009	19534	19515
592	18954	20015	19538	19519
593	18956	20020	19542	19523
594	18959	20024	19545	19527
595	18966	20028	19549	19531
596	18968	20033	19552	19536
597	18972	20036	19559	19540
598	18975	20043	19563	19544
599	18980	20048	19568	19548
600	18983	20053	19571	19552
601	18988	20058	19574	19556
602	18996	20061	19579	19560
603	18998	20065	19583	19564
604	19002	20070	19586	19568
605	19008	20076	19590	19573
606	19013	20081	19594	19577
607	19017	20084	19597	19581
608	19022	20090	19601	19585
609	19027	20092	19605	19589
610	19030	20099	19609	19593
611	19034	20103	19613	19597
612	19037	20106	19618	19601
613	19039	20109	19621	19606
614	19042	20113	19624	19610
615	19044	20117	19628	19614
616	19046	20124	19632	19618
617	19049	20130	19637	19622
618	19052	20136	19640	19626
619	19056	20143	19644	19630
620	19059	20149	19648	19634
621	19067	20151	19652	19639
622	19073	20155	19655	19643
623	19078	20156	19659	19647
624	19086	20158	19663	19651
625	19093	20160	19667	19655
626	19097	20167	19671	19659
627	19101	20172	19675	19663
628	19106	20176	19680	19667
629	19110	20180	19683	19672
630	19114	20182	19686	19676
631	19117	20188	19691	19680
632	19119	20192	19695	19684
633	19122	20197	19699	19688
634	19125	20205	19703	19692
635	19129	20210	19708	19696
636	19130	20212	19713	19700
637	19136	20215	19718	19704
638	19141	20219	19721	19709
639	19144	20226	19725	19713
640	19146	20228	19729	19717
641	19150	20236	19733	19721
642	19153	20242	19737	19725
643	19158	20246	19741	19729
644	19163	20252	19745	19733
645	19166	20257	19749	19737
646	19173	20258	19752	19741
647	19176	20263	19756	19745
648	19180	20265	19760	19750
649	19185	20266	19763	19754
650	19189	20268	19766	19758
651	19195	20273	19770	19762
652	19200	20278	19775	19766
653	19205	20285	19779	19770
654	19210	20294	19784	19774
655	19216	20299	19789	19778
656	19219	20305	19792	19782
657	19224	20309	19797	19786
658	19229	20314	19801	19790
659	19233	20321	19804	19795
660	19237	20327	19808	19799
661	19240	20329	19812	19803
662	19250	20333	19817	19807
663	19258	20338	19821	19811
664	19259	20340	19825	19815
665	19260	20342	19830	19819
666	19270	20346	19835	19823
667	19278	20348	19838	19828
668	19279	20351	19842	19832
669	19284	20357	19847	19836
670	19287	20360	19851	19840
671	19290	20365	19855	19844
672	19293	20368	19859	19848
673	19296	20375	19864	19852
674	19299	20378	19868	19857
675	19303	20380	19872	19861
676	19307	20385	19876	19865
677	19310	20391	19880	19869
678	19313	20394	19883	19873
679	19316	20398	19888	19877
680	19321	20403	19891	19882
681	19322	20406	19894	19886
682	19327	20411	19899	19890
683	19332	20413	19903	19894
684	19339	20419	19907	19898
685	19343	20424	19912	19902
686	19349	20429	19917	19906
687	19355	20433	19921	19910
688	19357	20438	19926	19914
689	19361	20443	19929	19918
690	19363	20448	19933	19922
691	19366	20451	19937	19926
692	19369	20455	19942	19930
693	19372	20459	19946	19934
694	19377	20465	19950	19938
695	19380	20468	19953	19942
696	19384	20472	19957	19946
697	19386	20476	19961	19950
698	19389	20479	19965	19954
699	19393	20482	19969	19958
700	19395	20485	19973	19962
701	19400	20491	19977	19966
702	19407	20495	19982	19971
703	19413	20500	19987	19975
704	19417	20506	19992	19979
705	19424	20511	19996	19983
706	19433	20515	20000	19987
707	19434	20518	20005	19991
708	19443	20520	20008	19996
709	19448	20524	20012	20000
710	19454	20527	20015	20004
711	19459	20533	20018	20008
712	19464	20537	20023	20012
713	19466	20543	20027	20016
714	19472	20549	20031	20021
715	19476	20557	20036	20025
716	19480	20562	20041	20029
717	19484	20565	20045	20033
718	19488	20569	20048	20037
719	19493	20576	20052	20041
720	19496	20584	20056	20046
721	19503	20587	20058	20050
722	19506	20591	20062	20054
723	19509	20592	20066	20058
724	19515	20595	20070	20062
725	19522	20598	20075	20066
726	19530	20600	20079	20070
727	19536	20604	20083	20074
728	19539	20606	20086	20078
729	19542	20609	20091	20082
730	19546	20613	20097	20086
731	19550	20619	20101	20090
732	19555	20622	20105	20094
733	19558	20626	20109	20098
734	19560	20630	20113	20102
735	19562	20633	20117	20106
736	19565	20635	20120	20110
737	19570	20639	20124	20114
738	19573	20647	20127	20118
739	19575	20652	20131	20122
740	19578	20657	20135	20127
741	19581	20660	20139	20131
742	19586	20664	20143	20135
743	19591	20666	20147	20139
744	19598	20667	20151	20143
745	19603	20669	20155	20147
746	19607	20673	20159	20151
747	19611	20678	20163	20155
748	19615	20681	20167	20159
749	19621	20685	20172	20163
750	19624	20691	20177	20167
751	19630	20698	20180	20171
752	19633	20703	20183	20175
753	19634	20707	20188	20179
754	19636	20712	20192	20183
755	19638	20717	20196	20187
756	19642	20723	20200	20191
757	19644	20729	20204	20195
758	19646	20734	20207	20200
759	19648	20737	20211	20204
760	19652	20740	20214	20208
761	19656	20745	20219	20212
762	19661	20748	20223	20216
763	19664	20751	20228	20220
764	19667	20754	20232	20224
765	19671	20758	20236	20228
766	19675	20761	20239	20233
767	19680	20766	20243	20237
768	19683	20768	20248	20241
769	19687	20775	20252	20245
770	19694	20779	20257	20249
771	19697	20782	20260	20253
772	19702	20785	20263	20257
773	19705	20788	20268	20262
774	19709	20792	20272	20266
775	19713	20797	20278	20270
776	19715	20801	20281	20274
777	19721	20804	20284	20278
778	19726	20808	20288	20282
779	19731	20811	20293	20286
780	19737	20817	20297	20291
781	19739	20819	20303	20295
782	19741	20827	20307	20299
783	19750	20829	20312	20303
784	19754	20831	20315	20307
785	19758	20835	20318	20311
786	19765	20840	20323	20316
787	19769	20843	20327	20320
788	19774	20844	20330	20324
789	19778	20848	20334	20328
790	19781	20853	20339	20332
791	19783	20858	20342	20336
792	19788	20862	20345	20341
793	19791	20866	20350	20345
794	19796	20871	20355	20349
795	19798	20875	20358	20353
796	19800	20881	20362	20357
797	19804	20888	20365	20362
798	19809	20893	20369	20366
799	19814	20897	20373	20370
800	19819	20901	20376	20374
801	19820	20908	20380	20378
802	19823	20909	20384	20382
803	19832	20913	20389	20386
804	19838	20916	20393	20390
805	19842	20920	20397	20395
806	19849	20922	20401	20399
807	19855	20923	20405	20403
808	19862	20930	20409	20407
809	19868	20935	20412	20411
810	19873	20938	20416	20415
811	19881	20942	20420	20419
812	19883	20945	20425	20423
813	19888	20949	20429	20427
814	19894	20954	20433	20431
815	19898	20958	20437	20436
816	19901	20961	20441	20440
817	19903	20966	20446	20444
818	19906	20969	20450	20448
819	19908	20975	20455	20452
820	19911	20982	20459	20456
821	19917	20983	20463	20460
822	19923	20985	20466	20464
823	19927	20989	20470	20468
824	19934	20992	20474	20472
825	19942	20995	20479	20476
826	19944	21002	20484	20480
827	19947	21004	20488	20484
828	19953	21006	20491	20488
829	19958	21011	20496	20492
830	19959	21014	20500	20497
831	19962	21018	20505	20501
832	19965	21022	20508	20505
833	19968	21026	20511	20509
834	19974	21028	20515	20513
835	19983	21034	20519	20517
836	19986	21040	20523	20521
837	19989	21043	20527	20525
838	19994	21047	20531	20529
839	19997	21051	20534	20533
840	20004	21055	20537	20537
841	20007	21057	20542	20541
842	20013	21061	20546	20545
843	20017	21062	20550	20549
844	20020	21064	20554	20553
845	20025	21066	20557	20557
846	20029	21068	20561	20562
847	20030	21074	20565	20566
848	20038	21080	20569	20570
849	20041	21086	20573	20574
850	20046	21087	20577	20578
851	20051	21095	20582	20582
852	20055	21100	20586	20586
853	20059	21108	20589	20590
854	20063	21112	20594	20594
855	20067	21114	20599	20598
856	20071	21118	20603	20603
857	20074	21125	20607	20607
858	20078	21129	20611	20611
859	20082	21132	20615	20615
860	20085	21136	20619	20619
861	20092	21140	20622	20623
862	20096	21143	20625	20627
863	20101	21146	20629	20631
864	20103	21147	20633	20635
865	20105	21148	20636	20639
866	20111	21151	20641	20643
867	20116	21151	20644	20647
868	20122	21154	20648	20651
869	20130	21161	20652	20655
870	20135	21166	20656	20659
871	20138	21169	20660	20663
872	20142	21173	20666	20667
873	20146	21176	20669	20671
874	20149	21182	20673	20675
875	20152	21187	20677	20679
876	20156	21192	20681	20683
877	20161	21195	20684	20687
878	20163	21198	20688	20691
879	20167	21200	20693	20695
880	20172	21203	20698	20699
881	20177	21206	20701	20703
882	20182	21210	20706	20707
883	20191	21214	20709	20711
884	20196	21217	20713	20715
885	20199	21220	20717	20719
886	20205	21223	20721	20723
887	20210	21228	20725	20727
888	20212	21232	20729	20732
889	20219	21236	20734	20736
890	20224	21239	20738	20740
891	20228	21241	20741	20744
892	20230	21244	20746	20748
893	20234	21246	20750	20752
894	20239	21252	20754	20756
895	20245	21257	20758	20760
896	20251	21259	20762	20764
897	20254	21263	20766	20768
898	20258	21269	20771	20772
899	20262	21277	20775	20776
900	20266	21280	20779	20780
901	20273	21283	20783	20784
902	20280	21288	20787	20788
903	20282	21290	20790	20793
904	20288	21292	20794	20797
905	20296	21294	20797	20801
906	20303	21296	20800	20805
907	20305	21298	20803	20809
908	20310	21301	20807	20813
909	20312	21305	20810	20817
910	20319	21307	20815	20821
911	20324	21309	20819	20825
912	20329	21311	20824	20829
913	20331	21317	20829	20833
914	20334	21320	20833	20837
915	20336	21325	20837	20841
916	20343	21328	20841	20845
917	20346	21331	20845	20849
918	20350	21335	20851	20853
919	20355	21337	20855	20857
920	20356	21338	20859	20861
921	20363	21341	20862	20866
922	20368	21344	20866	20870
923	20374	21349	20870	20874
924	20382	21354	20874	20878
925	20387	21357	20878	20882
926	20391	21364	20882	20887
927	20396	21368	20887	20891
928	20407	21372	20890	20895
929	20411	21377	20895	20899
930	20417	21381	20899	20903
931	20420	21385	20904	20907
932	20425	21388	20908	20912
933	20429	21391	20911	20916
934	20434	21398	20916	20920
935	20441	21404	20919	20924
936	20445	21409	20922	20928
937	20448	21414	20927	20932
938	20454	21421	20929	20937
939	20459	21426	20933	20941
940	20463	21428	20937	20945
941	20466	21431	20940	20949
942	20469	21434	20944	20953
943	20474	21437	20948	20957
944	20480	21443	20951	20961
945	20484	21447	20956	20965
946	20490	21449	20960	20969
947	20496	21451	20964	20973
948	20499	21452	20968	20977
949	20508	21457	20971	20981
950	20510	21460	20975	20985
951	20513	21465	20979	20989
952	20518	21468	20983	20993
953	20521	21475	20987	20997
954	20524	21479	20991	21001
955	20527	21480	20994	21005
956	20529	21485	20998	21009
957	20535	21491	21003	21013
958	20538	21493	21007	21017
959	20543	21497	21010	21021
960	20550	21501	21013	21025
961	20557	21503	21016	21029
962	20563	21506	21021	21033
963	20568	21507	21025	21037
964	20573	21509	21029	21041
965	20581	21512	21034	21045
966	20588	21516	21040	21049
967	20592	21518	21044	21053
968	20595	21521	21048	21057
969	20599	21528	21053	21062
970	20605	21535	21056	21066
971	20613	21538	21060	21070
972	20620	21544	21064	21074
973	20628	21548	21069	21078
974	20633	21553	21073	21082
975	20639	21558	21076	21086
976	20642	21561	21079	21090
977	20646	21565	21083	21094
978	20652	21570	21087	21098
979	20655	21575	21092	21102
980	20656	21582	21096	21106
981	20662	21584	21099	21111
982	20666	21587	21103	21115
983	20674	21590	21107	21119
984	20677	21594	21112	21123
985	20682	21598	21116	21127
986	20687	21602	21119	21131
987	20689	21606	21124	21135
988	20694	21608	21127	21139
989	20699	21614	21130	21143
990	20703	21617	21135	21147
991	20707	21619	21140	21151
992	20710	21622	21144	21155
993	20715	21629	21149	21159
994	20721	21633	21154	21163
995	20722	21636	21159	21167
996	20724	21638	21162	21171
997	20727	21643	21166	21175
998	20733	21651	21169	21179
999	20739	21657	21174	21183
1000	20742	21664	21178	21187
1001	20753	21666	21181	21191
1002	20757	21668	21184	21196
1003	20762	21672	21188	21200
1004	20766	21674	21192	21204
1005	20771	21678	21195	21208
1006	20776	21681	21198	21212
1007	20782	21684	21202	21216
1008	20790	21688	21206	21220
1009	20797	21693	21211	21224
1010	20801	21697	21215	21228
1011	20804	21701	21219	21232
1012	20810	21702	21222	21236
1013	20814	21707	21226	21240
1014	20822	21711	21230	21245
1015	20827	21713	21235	21249
1016	20834	21717	21238	21253
1017	20836	21721	21242	21257
1018	20838	21725	21246	21261
1019	20841	21728	21249	21265
1020	20843	21732	21254	21269
1021	20847	21737	21257	21272
1022	20849	21742	21261	21276
1023	20852	21748	21264	21279
1024	20858	21753	21267	21283
1025	20866	21756	21270	21286
1026	20868	21757	21273	21290
1027	20870	21763	21277	21293
1028	20876	21765	21280	21297
1029	20879	21768	21284	21300
1030	20882	21773	21288	21304
1031	20887	21778	21292	21307
1032	20891	21780	21295	21310
1033	20892	21784	21298	21314
1034	20893	21789	21302	21317
1035	20897	21792	21306	21321
1036	20901	21795	21310	21324
1037	20903	21797	21313	21328
1038	20905	21800	21317	21331
1039	20907	21804	21321	21335
1040	20910	21811	21325	21338
1041	20916	21815	21327	21341
1042	20919	21818	21331	21345
1043	20921	21820	21334	21348
1044	20925	21823	21337	21351
1045	20929	21824	21340	21355
1046	20933	21827	21343	21358
1047	20936	21832	21346	21361
1048	20938	21836	21349	21365
1049	20941	21839	21352	21368
1050	20944	21839	21355	21372
1051	20947	21844	21359	21375
1052	20951	21848	21362	21378
1053	20956	21853	21366	21382
1054	20961	21858	21369	21385
1055	20966	21863	21372	21388
1056	20969	21868	21376	21392
1057	20971	21872	21379	21395
1058	20972	21877	21382	21398
1059	20976	21883	21386	21402
1060	20979	21887	21391	21405
1061	20983	21889	21395	21408
1062	20986	21894	21397	21412
1063	20991	21897	21401	21415
1064	20995	21899	21405	21419
1065	20999	21900	21408	21422
1066	21002	21903	21412	21425
1067	21005	21906	21415	21429
1068	21009	21909	21419	21432
1069	21012	21913	21423	21436
1070	21015	21919	21427	21439
1071	21017	21923	21431	21442
1072	21020	21928	21434	21446
1073	21024	21932	21438	21449
1074	21027	21937	21440	21453
1075	21030	21942	21444	21456
1076	21033	21946	21448	21459
1077	21037	21949	21452	21463
1078	21040	21952	21456	21466
1079	21042	21955	21459	21470
1080	21044	21960	21463	21473
1081	21050	21961	21467	21477
1082	21054	21967	21470	21480
1083	21057	21972	21473	21483
1084	21060	21976	21477	21487
1085	21064	21980	21480	21490
1086	21068	21984	21484	21494
1087	21073	21988	21487	21497
1088	21076	21991	21490	21501
1089	21078	21993	21493	21504
1090	21081	21997	21496	21508
1091	21082	22003	21500	21511
1092	21085	22005	21505	21515
1093	21087	22009	21508	21518
1094	21089	22013	21511	21522
1095	21091	22015	21515	21525
1096	21094	22020	21518	21529
1097	21096	22028	21521	21532
1098	21098	22030	21524	21536
1099	21100	22039	21527	21539
1100	21103	22040	21532	21543
1101	21107	22043	21536	21546
1102	21111	22051	21539	21550
1103	21116	22052	21542	21553
1104	21120	22054	21545	21557
1105	21123	22057	21549	21560
1106	21126	22059	21552	21564
1107	21128	22060	21556	21567
1108	21130	22066	21560	21571
1109	21132	22070	21563	21574
1110	21135	22072	21567	21578
1111	21140	22074	21570	21581
1112	21141	22076	21574	21585
1113	21142	22081	21579	21588
1114	21145	22087	21583	21592
1115	21149	22093	21587	21595
1116	21153	22100	21591	21599
1117	21157	22104	21594	21602
1118	21160	22109	21598	21606
1119	21164	22110	21602	21609
1120	21169	22117	21606	21613
1121	21171	22122	21609	21616
1122	21173	22127	21613	21620
1123	21175	22130	21616	21623
1124	21177	22133	21619	21626
1125	21183	22137	21623	21630
1126	21185	22140	21626	21633
1127	21187	22146	21629	21636
1128	21190	22155	21633	21640
1129	21193	22161	21637	21643
1130	21194	22165	21641	21647
1131	21195	22170	21644	21650
1132	21200	22174	21646	21653
1133	21203	22176	21649	21657
1134	21210	22177	21652	21660
1135	21214	22179	21655	21663
1136	21216	22184	21658	21667
1137	21217	22186	21663	21670
1138	21219	22189	21666	21673
1139	21220	22193	21670	21677
1140	21223	22198	21672	21680
1141	21228	22201	21676	21684
1142	21236	22208	21679	21687
1143	21238	22214	21683	21691
1144	21245	22218	21686	21694
1145	21246	22219	21689	21698
1146	21253	22222	21693	21701
1147	21256	22224	21696	21705
1148	21260	22226	21699	21708
1149	21264	22229	21702	21712
1150	21268	22233	21706	21715
1151	21269	22237	21711	21719
1152	21272	22239	21714	21722
1153	21275	22244	21719	21726
1154	21278	22249	21723	21729
1155	21280	22252	21726	21733
1156	21283	22257	21729	21736
1157	21286	22261	21733	21740
1158	21289	22266	21738	21743
1159	21292	22270	21741	21747
1160	21294	22276	21744	21751
1161	21299	22280	21747	21754
1162	21305	22284	21751	21757
1163	21310	22290	21754	21761
1164	21314	22293	21757	21764
1165	21318	22295	21761	21767
1166	21321	22299	21765	21771
1167	21323	22305	21768	21774
1168	21326	22307	21771	21778
1169	21330	22312	21774	21781
1170	21333	22319	21777	21784
1171	21337	22322	21780	21788
1172	21340	22329	21784	21791
1173	21346	22332	21787	21795
1174	21351	22339	21791	21798
1175	21354	22346	21793	21801
1176	21357	22351	21797	21805
1177	21360	22354	21799	21808
1178	21362	22358	21802	21812
1179	21365	22362	21806	21815
1180	21367	22368	21809	21818
1181	21370	22370	21813	21822
1182	21375	22372	21816	21825
1183	21379	22373	21819	21828
1184	21382	22375	21822	21832
1185	21387	22377	21825	21835
1186	21392	22379	21829	21839
1187	21394	22381	21833	21842
1188	21400	22385	21837	21845
1189	21404	22387	21840	21849
1190	21405	22388	21845	21852
1191	21407	22394	21848	21855
1192	21410	22398	21850	21859
1193	21412	22400	21853	21862
1194	21415	22403	21856	21865
1195	21417	22407	21860	21869
1196	21421	22411	21862	21872
1197	21423	22415	21865	21876
1198	21427	22418	21867	21879
1199	21431	22423	21872	21882
1200	21434	22427	21875	21886
1201	21439	22431	21878	21889
1202	21445	22435	21881	21893
1203	21447	22439	21884	21896
1204	21450	22445	21888	21900
1205	21452	22449	21891	21903
1206	21457	22453	21895	21907
1207	21460	22457	21898	21910
1208	21465	22460	21902	21914
1209	21470	22464	21906	21917
1210	21473	22468	21910	21921
1211	21476	22471	21914	21924
1212	21478	22476	21918	21928
1213	21480	22480	21921	21931
1214	21483	22483	21925	21935
1215	21485	22488	21928	21938
1216	21490	22490	21932	21942
1217	21496	22499	21936	21945
1218	21497	22501	21939	21949
1219	21500	22503	21943	21952
1220	21502	22506	21947	21956
1221	21507	22511	21949	21959
1222	21510	22513	21953	21962
1223	21514	22516	21957	21966
1224	21517	22518	21960	21969
1225	21519	22520	21964	21973
1226	21522	22524	21967	21976
1227	21524	22526	21971	21980
1228	21527	22531	21974	21983
1229	21530	22542	21977	21987
1230	21532	22544	21981	21990
1231	21535	22549	21985	21994
1232	21537	22556	21988	21997
1233	21539	22557	21990	22001
1234	21543	22557	21993	22004
1235	21548	22564	21996	22008
1236	21551	22567	21999	22011
1237	21554	22573	22003	22014
1238	21555	22576	22005	22018
1239	21557	22581	22008	22021
1240	21561	22585	22012	22025
1241	21569	22588	22015	22028
1242	21573	22591	22019	22032
1243	21580	22595	22023	22035
1244	21584	22598	22027	22039
1245	21588	22602	22030	22042
1246	21589	22607	22033	22046
1247	21594	22611	22037	22049
1248	21599	22614	22041	22053
1249	21602	22618	22044	22056
1250	21607	22625	22048	22059
1251	21611	22632	22050	22063
1252	21613	22634	22054	22066
1253	21617	22637	22057	22070
1254	21620	22640	22060	22073
1255	21622	22642	22063	22077
1256	21626	22647	22066	22080
1257	21628	22649	22070	22084
1258	21631	22650	22073	22087
1259	21634	22656	22077	22090
1260	21638	22663	22081	22094
1261	21641	22665	22083	22097
1262	21645	22668	22086	22101
1263	21648	22669	22090	22104
1264	21652	22671	22094	22107
1265	21656	22673	22098	22111
1266	21661	22679	22102	22114
1267	21665	22683	22106	22117
1268	21667	22686	22110	22120
1269	21669	22690	22114	22124
1270	21673	22691	22117	22127
1271	21676	22694	22120	22130
1272	21682	22699	22123	22134
1273	21683	22703	22126	22137
1274	21689	22708	22129	22140
1275	21691	22713	22134	22144
1276	21694	22718	22136	22147
1277	21695	22724	22140	22150
1278	21695	22727	22143	22154
1279	21701	22730	22147	22157
1280	21704	22733	22148	22160
1281	21709	22737	22152	22164
1282	21713	22742	22155	22167
1283	21717	22746	22158	22171
1284	21724	22749	22161	22174
1285	21731	22752	22165	22178
1286	21735	22758	22169	22181
1287	21739	22760	22172	22185
1288	21742	22764	22176	22188
1289	21745	22770	22179	22191
1290	21748	22776	22183	22195
1291	21752	22778	22186	22198
1292	21756	22781	22190	22202
1293	21760	22785	22193	22205
1294	21763	22789	22196	22209
1295	21764	22792	22200	22212
1296	21766	22795	22202	22216
1297	21770	22798	22206	22219
1298	21771	22802	22209	22222
1299	21773	22806	22213	22226
1300	21775	22809	22216	22229
1301	21780	22813	22218	22233
1302	21788	22818	22221	22236
1303	21791	22821	22224	22240
1304	21795	22826	22228	22243
1305	21800	22829	22231	22246
1306	21803	22833	22234	22250
1307	21810	22837	22237	22253
1308	21814	22841	22240	22256
1309	21819	22846	22243	22260
1310	21825	22851	22247	22263
1311	21829	22853	22250	22267
1312	21832	22858	22253	22270
1313	21835	22862	22256	22273
1314	21838	22866	22259	22277
1315	21841	22869	22262	22280
1316	21844	22871	22266	22284
1317	21846	22876	22269	22287
1318	21849	22878	22271	22290
1319	21852	22885	22274	22294
1320	21854	22890	22278	22297
1321	21858	22897	22281	22301
1322	21861	22899	22284	22304
1323	21868	22905	22287	22308
1324	21875	22906	22291	22311
1325	21882	22911	22294	22315
1326	21886	22912	22298	22318
1327	21891	22913	22301	22322
1328	21896	22924	22305	22325
1329	21901	22927	22308	22329
1330	21902	22930	22312	22332
1331	21904	22932	22315	22336
1332	21907	22934	22318	22340
1333	21912	22935	22321	22343
1334	21915	22939	22324	22347
1335	21918	22945	22328	22350
1336	21922	22948	22331	22354
1337	21926	22952	22335	22357
1338	21931	22955	22338	22361
1339	21933	22959	22341	22364
1340	21934	22965	22345	22368
1341	21944	22969	22348	22371
1342	21949	22970	22352	22375
1343	21953	22971	22354	22378
1344	21958	22973	22357	22382
1345	21962	22978	22361	22385
1346	21965	22983	22365	22388
1347	21969	22988	22369	22392
1348	21971	22991	22372	22395
1349	21973	22995	22375	22399
1350	21978	23001	22378	22402
1351	21980	23006	22381	22405
1352	21982	23010	22385	22409
1353	21984	23015	22388	22412
1354	21985	23019	22391	22416
1355	21991	23028	22394	22419
1356	21994	23032	22398	22423
1357	21996	23035	22402	22426
1358	22001	23040	22405	22429
1359	22005	23045	22409	22433
1360	22007	23050	22412	22436
1361	22013	23055	22415	22439
1362	22015	23057	22418	22443
1363	22019	23058	22420	22446
1364	22023	23062	22423	22449
1365	22027	23066	22428	22453
1366	22031	23069	22431	22456
1367	22035	23074	22434	22459
1368	22038	23076	22438	22463
1369	22042	23080	22441	22466
1370	22047	23084	22444	22469
1371	22049	23089	22446	22472
1372	22053	23094	22450	22476
1373	22058	23098	22453	22479
1374	22065	23101	22456	22482
1375	22068	23105	22458	22486
1376	22070	23109	22463	22489
1377	22072	23112	22466	22492
1378	22073	23115	22469	22495
1379	22076	23117	22473	22499
1380	22080	23119	22476	22502
1381	22084	23124	22480	22505
1382	22090	23127	22483	22509
1383	22096	23129	22486	22512
1384	22102	23132	22490	22516
1385	22106	23135	22494	22519
1386	22109	23139	22496	22523
1387	22113	23141	22499	22526
1388	22118	23145	22502	22529
1389	22121	23149	22506	22533
1390	22123	23151	22509	22536
1391	22128	23156	22513	22540
1392	22132	23159	22517	22543
1393	22136	23162	22520	22547
1394	22139	23168	22523	22550
1395	22142	23177	22528	22553
1396	22145	23180	22531	22557
1397	22148	23181	22534	22560
1398	22151	23183	22537	22564
1399	22154	23188	22540	22567
1400	22156	23190	22544	22571
1401	22161	23194	22547	22574
1402	22163	23195	22550	22577
1403	22166	23200	22554	22581
1404	22171	23206	22557	22584
1405	22177	23212	22561	22588
1406	22183	23218	22564	22591
1407	22187	23223	22568	22595
1408	22190	23229	22571	22598
1409	22194	23235	22576	22601
1410	22197	23235	22579	22605
1411	22200	23243	22583	22608
1412	22204	23245	22586	22612
1413	22205	23247	22589	22615
1414	22208	23251	22592	22618
1415	22210	23254	22596	22622
1416	22213	23255	22599	22625
1417	22216	23256	22603	22629
1418	22222	23260	22607	22632
1419	22225	23266	22610	22636
1420	22228	23272	22614	22639
1421	22232	23275	22617	22642
1422	22236	23278	22621	22646
1423	22241	23280	22624	22649
1424	22243	23286	22627	22652
1425	22245	23292	22630	22656
1426	22248	23298	22633	22659
1427	22255	23304	22637	22663
1428	22261	23308	22640	22666
1429	22264	23310	22643	22669
1430	22267	23311	22647	22673
1431	22270	23315	22650	22676
1432	22274	23320	22653	22679
1433	22279	23325	22656	22683
1434	22282	23327	22659	22686
1435	22287	23331	22662	22690
1436	22290	23336	22664	22693
1437	22294	23339	22668	22696
1438	22298	23343	22671	22700
1439	22299	23348	22675	22703
1440	22302	23353	22678	22706
1441	22308	23358	22681	22710
1442	22312	23362	22685	22714
1443	22316	23366	22689	22717
1444	22321	23370	22692	22721
1445	22323	23376	22695	22724
1446	22328	23381	22699	22728
1447	22331	23386	22702	22732
1448	22333	23393	22706	22735
1449	22335	23399	22709	22739
1450	22339	23400	22712	22742
1451	22342	23409	22716	22746
1452	22346	23418	22719	22750
1453	22350	23421	22722	22753
1454	22354	23427	22725	22757
1455	22362	23431	22729	22760
1456	22366	23436	22732	22764
1457	22370	23438	22736	22767
1458	22372	23440	22739	22771
1459	22375	23444	22743	22775
1460	22376	23451	22748	22778
1461	22381	23455	22751	22782
1462	22385	23458	22753	22785
1463	22389	23460	22756	22789
1464	22396	23463	22760	22792
1465	22399	23466	22763	22795
1466	22402	23474	22767	22799
1467	22407	23480	22770	22802
1468	22412	23484	22773	22806
1469	22416	23489	22777	22809
1470	22419	23493	22780	22813
1471	22424	23497	22783	22816
1472	22425	23499	22786	22820
1473	22430	23503	22789	22823
1474	22434	23506	22792	22827
1475	22438	23510	22795	22830
1476	22441	23514	22799	22834
1477	22444	23521	22802	22837
1478	22450	23524	22805	22840
1479	22455	23528	22808	22844
1480	22458	23530	22811	22847
1481	22463	23537	22815	22851
1482	22469	23542	22818	22855
1483	22475	23544	22821	22858
1484	22478	23549	22825	22862
1485	22483	23553	22828	22865
1486	22485	23558	22832	22869
1487	22490	23563	22835	22872
1488	22490	23568	22838	22876
1489	22492	23575	22841	22879
1490	22497	23579	22844	22883
1491	22502	23583	22847	22887
1492	22508	23585	22851	22890
1493	22511	23589	22854	22894
1494	22515	23594	22858	22897
1495	22523	23597	22861	22901
1496	22526	23601	22865	22904
1497	22528	23603	22868	22908
1498	22530	23607	22872	22912
1499	22534	23612	22876	22915
1500	22540	23618	22880	22919
1501	22544	23621	22884	22923
1502	22548	23623	22888	22928
1503	22551	23626	22892	22932
1504	22554	23630	22897	22937
1505	22558	23635	22901	22941
1506	22563	23637	22905	22945
1507	22567	23640	22910	22950
1508	22570	23642	22914	22954
1509	22573	23644	22917	22959
1510	22576	23649	22922	22963
1511	22580	23654	22927	22968
1512	22583	23659	22932	22972
1513	22586	23663	22936	22977
1514	22593	23667	22940	22981
1515	22597	23669	22944	22985
1516	22599	23671	22948	22990
1517	22604	23674	22952	22994
1518	22605	23678	22956	22999
1519	22609	23681	22960	23003
1520	22613	23685	22965	23008
1521	22619	23689	22969	23012
1522	22625	23693	22974	23017
1523	22631	23699	22980	23022
1524	22635	23703	22985	23026
1525	22639	23711	22989	23031
1526	22642	23714	22995	23036
1527	22649	23717	23000	23040
1528	22652	23719	23004	23045
1529	22660	23725	23009	23049
1530	22662	23730	23013	23054
1531	22666	23732	23018	23059
1532	22669	23735	23022	23063
1533	22672	23737	23028	23068
1534	22676	23739	23032	23073
1535	22679	23741	23037	23077
1536	22681	23744	23042	23082
1537	22683	23748	23047	23087
1538	22687	23750	23051	23091
1539	22689	23756	23055	23096
1540	22692	23764	23060	23101
1541	22697	23766	23066	23105
1542	22706	23775	23070	23110
1543	22710	23778	23075	23115
1544	22717	23783	23081	23119
1545	22723	23786	23086	23124
1546	22727	23790	23090	23129
1547	22729	23795	23095	23133
1548	22733	23798	23100	23138
1549	22737	23801	23104	23142
1550	22740	23807	23108	23147
1551	22743	23814	23113	23152
1552	22748	23815	23117	23156
1553	22752	23821	23122	23161
1554	22756	23829	23127	23166
1555	22760	23838	23132	23170
1556	22764	23839	23136	23175
1557	22768	23848	23141	23180
1558	22772	23852	23146	23184
1559	22776	23861	23151	23189
1560	22780	23865	23155	23194
1561	22784	23869	23161	23198
1562	22789	23872	23165	23203
1563	22792	23875	23170	23207
1564	22795	23879	23175	23211
1565	22799	23881	23179	23216
1566	22802	23887	23184	23220
1567	22808	23888	23188	23225
1568	22809	23894	23193	23229
1569	22814	23896	23198	23233
1570	22819	23898	23203	23238
1571	22821	23899	23208	23242
1572	22826	23903	23212	23247
1573	22829	23907	23216	23251
1574	22832	23909	23221	23255
1575	22835	23912	23226	23260
1576	22839	23915	23232	23264
1577	22842	23919	23235	23269
1578	22844	23923	23240	23273
1579	22847	23925	23244	23278
1580	22849	23926	23248	23282
1581	22856	23930	23253	23287
1582	22864	23937	23258	23291
1583	22869	23943	23262	23296
1584	22876	23946	23267	23300
1585	22881	23952	23271	23305
1586	22887	23955	23276	23310
1587	22892	23964	23281	23314
1588	22894	23967	23287	23319
1589	22899	23972	23292	23323
1590	22903	23976	23296	23328
1591	22907	23981	23301	23332
1592	22909	23984	23305	23337
1593	22912	23986	23310	23342
1594	22917	23989	23315	23346
1595	22921	23997	23320	23351
1596	22922	24003	23325	23355
1597	22926	24009	23329	23360
1598	22929	24013	23334	23365
1599	22932	24019	23338	23369
1600	22934	24023	23343	23374
1601	22942	24024	23347	23378
1602	22946	24025	23352	23383
1603	22949	24029	23356	23388
1604	22957	24032	23362	23392
1605	22961	24035	23367	23397
1606	22963	24037	23372	23401
1607	22968	24042	23378	23406
1608	22972	24052	23382	23411
1609	22975	24056	23386	23415
1610	22979	24062	23391	23420
1611	22983	24064	23396	23424
1612	22988	24066	23400	23429
1613	22994	24071	23405	23434
1614	23002	24077	23410	23438
1615	23004	24083	23415	23443
1616	23007	24088	23420	23447
1617	23011	24094	23425	23452
1618	23015	24099	23430	23457
1619	23018	24105	23436	23461
1620	23022	24107	23439	23466
1621	23029	24111	23444	23470
1622	23034	24112	23449	23475
1623	23038	24115	23454	23479
1624	23043	24117	23458	23484
1625	23051	24121	23463	23489
1626	23057	24123	23469	23493
1627	23059	24127	23473	23498
1628	23063	24130	23478	23502
1629	23067	24132	23483	23507
1630	23070	24135	23487	23511
1631	23074	24142	23491	23516
1632	23078	24145	23495	23520
1633	23084	24152	23500	23525
1634	23085	24156	23506	23529
1635	23089	24160	23509	23534
1636	23093	24162	23513	23539
1637	23095	24166	23519	23543
1638	23097	24173	23524	23548
1639	23100	24174	23528	23552
1640	23103	24177	23532	23557
1641	23111	24181	23536	23561
1642	23118	24184	23541	23566
1643	23124	24188	23545	23570
1644	23128	24192	23549	23575
1645	23133	24198	23553	23579
1646	23137	24206	23557	23584
1647	23144	24210	23563	23588
1648	23149	24213	23567	23593
1649	23154	24221	23571	23598
1650	23156	24224	23575	23602
1651	23161	24228	23580	23607
1652	23163	24232	23585	23611
1653	23166	24239	23590	23616
1654	23170	24243	23596	23620
1655	23172	24246	23600	23625
1656	23177	24249	23605	23629
1657	23181	24251	23609	23634
1658	23186	24255	23613	23638
1659	23189	24259	23617	23643
1660	23192	24265	23623	23647
1661	23197	24267	23627	23652
1662	23203	24275	23631	23657
1663	23209	24282	23635	23661
1664	23212	24286	23640	23666
1665	23216	24293	23646	23671
1666	23221	24301	23651	23675
1667	23226	24304	23656	23680
1668	23230	24310	23660	23684
1669	23233	24316	23665	23689
1670	23235	24319	23670	23694
1671	23238	24322	23674	23698
1672	23242	24326	23678	23703
1673	23245	24329	23683	23708
1674	23251	24332	23688	23712
1675	23254	24334	23693	23717
1676	23257	24339	23697	23722
1677	23260	24344	23702	23726
1678	23263	24346	23707	23731
1679	23266	24352	23713	23736
1680	23269	24361	23717	23740
1681	23274	24363	23722	23745
1682	23277	24364	23727	23749
1683	23282	24364	23730	23754
1684	23288	24367	23734	23758
1685	23292	24371	23739	23763
1686	23296	24375	23743	23767
1687	23301	24378	23747	23772
1688	23307	24383	23751	23776
1689	23311	24390	23756	23781
1690	23313	24395	23761	23785
1691	23316	24400	23766	23790
1692	23317	24408	23772	23794
1693	23319	24416	23775	23799
1694	23323	24422	23780	23803
1695	23328	24424	23785	23808
1696	23332	24426	23790	23812
1697	23339	24429	23794	23817
1698	23341	24432	23799	23821
1699	23344	24439	23804	23826
1700	23347	24442	23809	23830
1701	23355	24445	23813	23835
1702	23360	24449	23817	23839
1703	23365	24455	23820	23844
1704	23372	24457	23824	23848
1705	23379	24460	23827	23853
1706	23385	24464	23832	23857
1707	23391	24468	23837	23862
1708	23394	24472	23843	23866
1709	23398	24475	23848	23871
1710	23402	24479	23852	23875
1711	23405	24481	23856	23879
1712	23410	24487	23860	23884
1713	23414	24490	23864	23888
1714	23419	24496	23869	23893
1715	23422	24501	23874	23897
1716	23429	24503	23878	23902
1717	23435	24507	23883	23906
1718	23437	24512	23887	23911
1719	23439	24515	23891	23915
1720	23443	24519	23896	23920
1721	23447	24522	23900	23924
1722	23454	24525	23906	23929
1723	23461	24527	23910	23934
1724	23466	24530	23915	23938
1725	23471	24535	23920	23943
1726	23474	24538	23924	23948
1727	23478	24543	23930	23952
1728	23481	24550	23935	23957
1729	23484	24556	23939	23962
1730	23487	24559	23945	23966
1731	23489	24562	23950	23971
1732	23493	24566	23956	23976
1733	23494	24569	23960	23980
1734	23501	24574	23965	23985
1735	23505	24582	23970	23990
1736	23506	24586	23975	23995
1737	23511	24589	23979	23999
1738	23515	24594	23984	24004
1739	23521	24603	23990	24009
1740	23523	24604	23994	24013
1741	23534	24607	23999	24018
1742	23537	24611	24006	24023
1743	23542	24615	24011	24027
1744	23547	24618	24015	24032
1745	23554	24623	24020	24037
1746	23562	24627	24025	24041
1747	23567	24629	24030	24046
1748	23571	24631	24036	24051
1749	23582	24635	24039	24055
1750	23588	24640	24043	24060
1751	23594	24645	24049	24065
1752	23597	24650	24054	24069
1753	23600	24653	24060	24074
1754	23604	24658	24064	24079
1755	23610	24663	24069	24083
1756	23614	24668	24074	24088
1757	23618	24673	24078	24093
1758	23622	24678	24085	24097
1759	23627	24682	24089	24102
1760	23630	24686	24094	24107
1761	23633	24690	24097	24111
1762	23639	24694	24102	24116
1763	23644	24696	24105	24120
1764	23646	24702	24110	24125
1765	23650	24706	24114	24129
1766	23654	24715	24118	24134
1767	23661	24718	24124	24138
1768	23667	24721	24128	24143
1769	23671	24724	24132	24147
1770	23677	24727	24137	24152
1771	23679	24730	24141	24156
1772	23683	24733	24145	24161
1773	23689	24738	24150	24165
1774	23694	24745	24154	24170
1775	23697	24751	24159	24174
1776	23701	24754	24163	24179
1777	23707	24760	24167	24183
1778	23711	24767	24172	24188
1779	23714	24775	24179	24192
1780	23718	24782	24184	24197
1781	23721	24787	24189	24202
1782	23726	24789	24193	24206
1783	23731	24793	24197	24211
1784	23737	24796	24202	24215
1785	23742	24798	24205	24220
1786	23748	24802	24211	24225
1787	23751	24810	24215	24229
1788	23755	24813	24220	24234
1789	23759	24818	24224	24238
1790	23767	24824	24228	24243
1791	23767	24829	24232	24248
1792	23772	24833	24237	24252
1793	23779	24836	24241	24257
1794	23788	24841	24247	24262
1795	23794	24847	24252	24266
1796	23798	24851	24256	24271
1797	23804	24860	24260	24275
1798	23810	24863	24263	24280
1799	23814	24867	24267	24285
1800	23819	24871	24272	24289
1801	23825	24873	24278	24294
1802	23831	24875	24282	24298
1803	23836	24884	24286	24303
1804	23842	24884	24291	24307
1805	23848	24885	24295	24312
1806	23852	24890	24299	24316
1807	23858	24895	24304	24321
1808	23863	24899	24308	24325
1809	23867	24902	24312	24330
1810	23873	24906	24316	24334
1811	23879	24910	24320	24339
1812	23884	24916	24326	24343
1813	23889	24919	24330	24348
1814	23892	24922	24335	24352
1815	23895	24924	24340	24357
1816	23898	24928	24346	24361
1817	23900	24931	24350	24366
1818	23904	24936	24355	24370
1819	23908	24937	24359	24375
1820	23912	24940	24363	24379
1821	23917	24944	24368	24384
1822	23923	24949	24373	24388
1823	23927	24955	24376	24393
1824	23934	24958	24380	24397
1825	23939	24962	24384	24401
1826	23944	24963	24388	24406
1827	23947	24966	24393	24410
1828	23952	24970	24396	24415
1829	23954	24977	24400	24419
1830	23959	24980	24405	24424
1831	23965	24984	24410	24428
1832	23968	24989	24414	24432
1833	23972	24995	24419	24437
1834	23975	24999	24424	24441
1835	23979	25002	24428	24446
1836	23984	25005	24433	24450
1837	23988	25013	24437	24455
1838	23990	25016	24441	24459
1839	23993	25020	24444	24463
1840	23996	25024	24449	24468
1841	23999	25028	24454	24472
1842	24003	25033	24458	24477
1843	24008	25038	24463	24482
1844	24017	25044	24467	24486
1845	24022	25048	24471	24491
1846	24029	25051	24474	24496
1847	24038	25056	24479	24500
1848	24042	25056	24484	24505
1849	24049	25064	24489	24510
1850	24055	25067	24493	24514
1851	24059	25070	24497	24519
1852	24066	25074	24501	24524
1853	24068	25077	24507	24528
1854	24070	25084	24512	24533
1855	24072	25092	24517	24537
1856	24075	25094	24522	24542
1857	24079	25098	24526	24547
1858	24081	25104	24531	24551
1859	24084	25107	24535	24556
1860	24088	25110	24540	24561
1861	24095	25114	24545	24565
1862	24103	25117	24549	24570
1863	24107	25120	24552	24574
1864	24112	25124	24558	24579
1865	24120	25130	24563	24583
1866	24123	25133	24568	24588
1867	24131	25140	24572	24592
1868	24135	25144	24578	24597
1869	24143	25148	24583	24601
1870	24151	25153	24587	24606
1871	24155	25158	24593	24611
1872	24160	25161	24598	24615
1873	24160	25164	24603	24620
1874	24165	25168	24607	24624
1875	24172	25171	24611	24629
1876	24176	25175	24616	24633
1877	24181	25180	24621	24638
1878	24186	25189	24627	24642
1879	24189	25198	24633	24647
1880	24193	25201	24637	24651
1881	24197	25202	24641	24656
1882	24203	25207	24646	24661
1883	24207	25212	24649	24665
1884	24215	25215	24653	24670
1885	24222	25218	24658	24675
1886	24226	25224	24661	24679
1887	24230	25226	24666	24684
1888	24237	25228	24670	24688
1889	24241	25231	24674	24693
1890	24248	25234	24679	24698
1891	24252	25239	24683	24702
1892	24255	25243	24688	24707
1893	24263	25245	24693	24712
1894	24266	25251	24697	24716
1895	24268	25256	24702	24721
1896	24271	25262	24706	24725
1897	24276	25268	24710	24730
1898	24281	25271	24715	24735
1899	24283	25277	24719	24739
1900	24288	25281	24725	24744
1901	24299	25285	24730	24748
1902	24308	25286	24734	24753
1903	24313	25293	24738	24757
1904	24319	25295	24742	24761
1905	24324	25298	24747	24766
1906	24329	25301	24752	24770
1907	24333	25304	24755	24775
1908	24339	25310	24758	24779
1909	24343	25320	24763	24783
1910	24347	25331	24768	24788
1911	24349	25332	24773	24792
1912	24354	25337	24777	24796
1913	24360	25341	24782	24801
1914	24363	25347	24787	24805
1915	24367	25352	24791	24810
1916	24369	25357	24795	24814
1917	24372	25363	24799	24818
1918	24373	25367	24804	24823
1919	24375	25371	24807	24827
1920	24378	25375	24811	24832
1921	24392	25378	24816	24836
1922	24400	25382	24820	24841
1923	24405	25384	24824	24845
1924	24412	25386	24828	24850
1925	24418	25392	24832	24854
1926	24421	25392	24836	24859
1927	24427	25395	24841	24863
1928	24436	25401	24846	24868
1929	24439	25406	24851	24872
1930	24444	25409	24855	24877
1931	24450	25411	24859	24881
1932	24453	25420	24864	24886
1933	24458	25424	24869	24891
1934	24462	25427	24875	24895
1935	24466	25432	24879	24900
1936	24470	25435	24884	24904
1937	24474	25438	24887	24909
1938	24478	25442	24890	24913
1939	24481	25448	24895	24918
1940	24485	25453	24899	24922
1941	24493	25455	24904	24927
1942	24501	25459	24909	24932
1943	24508	25462	24914	24936
1944	24513	25466	24918	24941
1945	24521	25468	24922	24945
1946	24526	25473	24927	24950
1947	24531	25476	24932	24955
1948	24536	25479	24936	24959
1949	24540	25483	24940	24964
1950	24542	25487	24944	24968
1951	24550	25490	24948	24973
1952	24555	25496	24954	24978
1953	24558	25500	24959	24982
1954	24562	25505	24963	24987
1955	24569	25506	24968	24992
1956	24572	25507	24972	24996
1957	24576	25512	24977	25001
1958	24579	25518	24980	25005
1959	24582	25526	24985	25010
1960	24587	25534	24990	25015
1961	24595	25537	24994	25019
1962	24602	25540	24999	25024
1963	24608	25544	25002	25028
1964	24615	25546	25007	25033
1965	24620	25551	25012	25038
1966	24625	25554	25017	25042
1967	24630	25557	25020	25047
1968	24638	25560	25024	25052
1969	24641	25564	25028	25056
1970	24648	25568	25033	25061
1971	24654	25573	25037	25065
1972	24664	25576	25041	25070
1973	24668	25582	25046	25075
1974	24673	25587	25050	25079
1975	24677	25592	25055	25084
1976	24682	25600	25059	25089
1977	24688	25603	25063	25093
1978	24693	25612	25068	25098
1979	24696	25617	25074	25103
1980	24701	25623	25078	25107
1981	24708	25627	25083	25112
1982	24714	25630	25088	25117
1983	24723	25633	25093	25122
1984	24731	25636	25097	25127
1985	24740	25642	25102	25133
1986	24745	25645	25107	25138
1987	24750	25653	25112	25143
1988	24753	25657	25117	25148
1989	24758	25664	25124	25153
1990	24763	25667	25129	25158
1991	24769	25673	25136	25163
1992	24773	25680	25140	25168
1993	24776	25689	25146	25173
1994	24781	25694	25151	25178
1995	24782	25700	25155	25183
1996	24787	25703	25160	25188
1997	24793	25707	25166	25193
1998	24798	25712	25172	25198
1999	24803	25722	25177	25203
2000	24804	25728	25182	25209
2001	24810	25732	25188	25215
2002	24817	25738	25195	25221
2003	24824	25747	25200	25226
2004	24835	25755	25207	25232
2005	24840	25764	25213	25238
2006	24845	25770	25218	25244
2007	24850	25780	25225	25250
2008	24853	25788	25231	25256
2009	24857	25798	25237	25262
2010	24861	25803	25243	25268
2011	24867	25809	25248	25274
2012	24875	25820	25252	25280
2013	24880	25826	25259	25286
2014	24884	25833	25263	25292
2015	24890	25841	25269	25298
2016	24895	25850	25276	25304
2017	24901	25859	25283	25310
2018	24906	25864	25290	25316
2019	24912	25872	25297	25322
2020	24915	25880	25303	25328
2021	24922	25884	25307	25334
2022	24929	25890	25314	25340
2023	24939	25894	25320	25346
2024	24946	25898	25326	25352
2025	24948	25901	25332	25358
2026	24958	25909	25337	25364
2027	24964	25915	25343	25370
2028	24967	25921	25349	25375
2029	24974	25929	25357	25381
2030	24980	25933	25363	25387
2031	24983	25946	25368	25393
2032	24989	25955	25374	25399
2033	24993	25962	25380	25405
2034	24998	25967	25385	25411
2035	25004	25970	25393	25417
2036	25010	25979	25398	25423
2037	25015	25984	25405	25429
2038	25019	25993	25410	25435
2039	25021	26000	25415	25441
2040	25025	26004	25421	25446
2041	25033	26013	25427	25452
2042	25041	26020	25433	25458
2043	25049	26026	25438	25464
2044	25056	26032	25446	25470
2045	25062	26037	25452	25476
2046	25067	26042	25458	25481
2047	25070	26049	25464	25487
2048	25078	26054	25469	25493
2049	25082	26060	25475	25499
2050	25087	26062	25481	25505
2051	25092	26066	25487	25510
2052	25099	26069	25493	25516
2053	25103	26071	25499	25522
2054	25110	26081	25505	25528
2055	25113	26090	25511	25534
2056	25116	26096	25516	25540
2057	25122	26108	25523	25545
2058	25128	26115	25528	25551
2059	25133	26117	25534	25557
2060	25137	26127	25540	25563
2061	25147	26133	25547	25569
2062	25153	26139	25552	25575
2063	25160	26143	25557	25580
2064	25167	26147	25562	25586
2065	25174	26153	25568	25592
2066	25182	26159	25575	25598
2067	25190	26164	25581	25604
2068	25199	26171	25586	25610
2069	25208	26180	25593	25615
2070	25213	26184	25599	25621
2071	25217	26186	25605	25627
2072	25221	26191	25611	25633
2073	25224	26200	25616	25639
2074	25229	26204	25623	25645
2075	25231	26210	25629	25650
2076	25237	26217	25635	25656
2077	25241	26222	25640	25662
2078	25245	26227	25644	25668
2079	25251	26235	25651	25674
2080	25254	26242	25658	25680
2081	25265	26247	25663	25686
2082	25277	26250	25669	25692
2083	25285	26259	25674	25698
2084	25292	26264	25680	25705
2085	25299	26270	25684	25711
2086	25305	26274	25690	25717
2087	25314	26279	25696	25723
2088	25322	26287	25703	25730
2089	25332	26294	25709	25736
2090	25338	26299	25715	25742
2091	25345	26305	25720	25748
2092	25350	26311	25725	25755
2093	25358	26318	25731	25761
2094	25364	26326	25736	25767
2095	25368	26333	25743	25773
2096	25373	26342	25750	25780
2097	25380	26351	25757	25786
2098	25384	26357	25763	25792
2099	25387	26364	25768	25798
2100	25393	26373	25774	25805
2101	25404	26378	25782	25813
2102	25414	26384	25791	25821
2103	25427	26389	25800	25829
2104	25436	26396	25808	25837
2105	25440	26401	25817	25846
2106	25448	26407	25826	25854
2107	25458	26412	25835	25862
2108	25462	26418	25844	25870
2109	25469	26424	25853	25878
2110	25478	26429	25860	25887
2111	25486	26434	25869	25895
2112	25493	26440	25877	25903
2113	25498	26450	25885	25911
2114	25506	26456	25893	25919
2115	25511	26464	25900	25928
2116	25519	26476	25909	25936
2117	25525	26485	25917	25944
2118	25533	26502	25926	25952
2119	25539	26512	25934	25960
2120	25541	26520	25942	25968
2121	25550	26529	25950	25977
2122	25558	26534	25957	25985
2123	25567	26541	25965	25994
2124	25575	26545	25973	26002
2125	25582	26551	25982	26010
2126	25589	26555	25992	26019
2127	25596	26565	26000	26027
2128	25601	26572	26009	26036
2129	25607	26582	26019	26044
2130	25612	26589	26028	26052
2131	25618	26595	26038	26061
2132	25621	26605	26047	26069
2133	25628	26613	26054	26078
2134	25634	26623	26064	26086
2135	25640	26633	26072	26094
2136	25646	26641	26080	26103
2137	25653	26655	26087	26111
2138	25659	26663	26096	26120
2139	25663	26680	26104	26128
2140	25670	26691	26113	26136
2141	25676	26694	26122	26145
2142	25684	26700	26130	26153
2143	25695	26707	26138	26162
2144	25706	26717	26147	26170
2145	25714	26722	26156	26178
2146	25723	26729	26165	26187
2147	25732	26736	26175	26195
2148	25737	26750	26184	26204
2149	25741	26756	26193	26212
2150	25747	26768	26202	26221
2151	25754	26777	26211	26229
2152	25760	26785	26219	26237
2153	25764	26795	26228	26246
2154	25771	26806	26238	26254
2155	25778	26811	26246	26263
2156	25783	26818	26255	26271
2157	25787	26833	26265	26279
2158	25792	26844	26272	26288
2159	25799	26854	26280	26296
2160	25805	26868	26289	26305
2161	25815	26874	26298	26313
2162	25826	26878	26308	26321
2163	25836	26882	26315	26330
2164	25845	26885	26324	26338
2165	25856	26888	26335	26346
2166	25864	26893	26343	26355
2167	25872	26899	26352	26363
2168	25879	26911	26360	26371
2169	25887	26921	26367	26380
2170	25897	26929	26377	26388
2171	25907	26937	26386	26396
2172	25911	26946	26396	26405
2173	25916	26953	26404	26413
2174	25922	26961	26413	26421
2175	25926	26970	26422	26430
2176	25933	26979	26431	26438
2177	25940	26992	26437	26446
2178	25943	27002	26445	26455
2179	25947	27014	26454	26463
2180	25956	27031	26462	26471
2181	25966	27037	26473	26480
2182	25972	27045	26487	26490
2183	25980	27050	26498	26499
2184	25988	27058	26511	26508
2185	25992	27065	26522	26517
2186	26002	27071	26532	26526
2187	26009	27078	26541	26536
2188	26016	27088	26550	26545
2189	26021	27098	26561	26554
2190	26026	27105	26572	26563
2191	26031	27112	26582	26572
2192	26036	27124	26593	26582
2193	26039	27131	26602	26591
2194	26044	27151	26610	26600
2195	26051	27161	26619	26609
2196	26057	27176	26628	26618
2197	26062	27190	26639	26627
2198	26067	27204	26649	26637
2199	26071	27218	26658	26646
2200	26074	27231	26666	26655
2201	26086	27241	26677	26665
2202	26094	27248	26689	26675
2203	26102	27255	26699	26685
2204	26106	27263	26709	26694
2205	26110	27278	26721	26704
2206	26114	27285	26730	26714
2207	26120	27293	26741	26724
2208	26130	27304	26751	26734
2209	26136	27316	26762	26743
2210	26140	27331	26773	26753
2211	26146	27343	26782	26763
2212	26152	27365	26792	26773
2213	26158	27379	26800	26783
2214	26165	27399	26811	26793
2215	26168	27418	26821	26802
2216	26171	27437	26829	26812
2217	26174	27461	26837	26822
2218	26176	27481	26845	26832
2219	26178	27502	26856	26842
2220	26183	27521	26865	26851
2221	26189	27528	26877	26861
2222	26193	27536	26888	26871
2223	26202	27549	26898	26881
2224	26209	27563	26908	26891
2225	26211	27570	26919	26901
2226	26217	27585	26929	26911
2227	26223	27598	26936	26921
2228	26230	27608	26944	26931
2229	26237	27619	26955	26940
2230	26245	27638	26965	26950
2231	26249	27646	26975	26960
2232	26256	27659	26985	26970
2233	26261	27674	26995	26980
2234	26265	27688	27006	26990
2235	26269	27702	27015	27000
2236	26270	27716	27024	27010
2237	26275	27729	27033	27020
2238	26280	27749	27042	27030
2239	26285	27771	27052	27039
2240	26289	27789	27062	27049
2241	26293	27798	27074	27059
2242	26301	27808	27085	27069
2243	26310	27817	27094	27079
2244	26316	27827	27104	27089
2245	26322	27835	27112	27099
2246	26328	27844	27122	27109
2247	26333	27850	27130	27119
2248	26338	27860	27140	27129
2249	26343	27876	27148	27139
2250	26349	27896	27158	27149
2251	26357	27906	27167	27159
2252	26363	27920	27177	27169
2253	26366	27927	27187	27179
2254	26372	27937	27197	27189
2255	26379	27951	27206	27199
2256	26385	27970	27218	27209
2257	26390	27985	27227	27219
2258	26396	28007	27236	27229
2259	26401	28026	27246	27239
2260	26406	28046	27256	27249
2261	26411	28054	27267	27259
2262	26418	28067	27278	27268
2263	26423	28080	27289	27278
2264	26430	28084	27297	27287
2265	26433	28092	27303	27297
2266	26440	28100	27312	27307
2267	26444	28113	27321	27316
2268	26446	28128	27330	27326
2269	26451	28146	27337	27336
2270	26456	28160	27344	27345
2271	26461	28166	27352	27355
2272	26469	28175	27361	27365
2273	26474	28190	27371	27374
2274	26481	28201	27380	27384
2275	26485	28214	27388	27394
2276	26489	28224	27396	27403
2277	26494	28238	27406	27413
2278	26498	28251	27415	27422
2279	26503	28271	27423	27432
2280	26507	28282	27433	27442
2281	26515	28286	27437	27449
2282	26524	28289	27442	27456
2283	26529	28301	27449	27463
2284	26533	28311	27454	27470
2285	26539	28317	27461	27477
2286	26546	28321	27468	27484
2287	26552	28332	27475	27491
2288	26559	28339	27481	27498
2289	26565	28343	27488	27505
2290	26571	28350	27496	27512
2291	26576	28359	27503	27519
2292	26582	28370	27508	27526
2293	26588	28384	27514	27533
2294	26596	28398	27521	27540
2295	26604	28410	27528	27547
2296	26611	28415	27535	27554
2297	26617	28419	27541	27561
2298	26623	28428	27549	27568
2299	26629	28434	27558	27575
2300	26635	28448	27566	27582
2301	26642	28458	27571	27589
2302	26646	28466	27575	27595
2303	26654	28470	27582	27602
2304	26660	28475	27588	27608
2305	26667	28481	27594	27615
2306	26673	28493	27600	27621
2307	26679	28509	27607	27628
2308	26685	28517	27614	27634
2309	26691	28523	27620	27640
2310	26697	28531	27625	27647
2311	26702	28536	27632	27653
2312	26706	28551	27637	27660
2313	26710	28559	27645	27666
2314	26716	28569	27651	27673
2315	26720	28577	27657	27679
2316	26724	28581	27663	27686
2317	26727	28591	27670	27692
2318	26732	28604	27675	27698
2319	26737	28622	27683	27705
2320	26741	28629	27690	27711
2321	26747	28632	27696	27718
2322	26755	28633	27701	27724
2323	26766	28650	27707	27730
2324	26773	28661	27711	27737
2325	26778	28670	27721	27743
2326	26784	28675	27726	27749
2327	26789	28681	27734	27756
2328	26795	28693	27740	27762
2329	26800	28701	27745	27768
2330	26803	28709	27753	27775
2331	26809	28722	27761	27781
2332	26813	28731	27768	27787
2333	26817	28737	27776	27794
2334	26822	28751	27784	27800
2335	26826	28755	27790	27806
2336	26833	28758	27796	27813
2337	26839	28763	27804	27819
2338	26844	28770	27809	27825
2339	26848	28779	27813	27832
2340	26852	28792	27819	27838
2341	26860	28797	27824	27844
2342	26870	28803	27832	27851
2343	26881	28813	27837	27857
2344	26892	28819	27844	27864
2345	26898	28826	27849	27870
2346	26909	28832	27855	27876
2347	26913	28840	27860	27883
2348	26919	28849	27867	27889
2349	26927	28854	27872	27895
2350	26932	28868	27878	27902
2351	26937	28874	27883	27908
2352	26944	28883	27891	27914
2353	26952	28889	27897	27921
2354	26959	28895	27903	27927
2355	26969	28900	27912	27934
2356	26975	28906	27918	27940
2357	26983	28912	27923	27946
2358	26989	28926	27929	27953
2359	26994	28933	27935	27959
2360	27001	28940	27940	27965
2361	27007	28945	27949	27972
2362	27013	28948	27953	27978
2363	27020	28956	27959	27984
2364	27028	28967	27965	27991
2365	27035	28971	27971	27997
2366	27039	28976	27975	28003
2367	27040	28994	27981	28009
2368	27043	28999	27986	28016
2369	27049	29010	27993	28022
2370	27055	29019	27999	28028
2371	27066	29022	28004	28035
2372	27070	29032	28009	28041
2373	27074	29042	28017	28047
2374	27076	29046	28024	28054
2375	27080	29056	28029	28060
2376	27085	29069	28034	28066
2377	27091	29080	28039	28072
2378	27096	29088	28045	28079
2379	27101	29097	28051	28085
2380	27103	29111	28059	28091
2381	27108	29118	28064	28097
2382	27113	29125	28069	28103
2383	27116	29128	28075	28109
2384	27125	29136	28079	28114
2385	27128	29140	28085	28120
2386	27130	29152	28091	28126
2387	27136	29159	28094	28132
2388	27141	29167	28100	28137
2389	27150	29174	28104	28143
2390	27154	29182	28110	28149
2391	27156	29191	28116	28155
2392	27162	29197	28122	28161
2393	27169	29204	28128	28166
2394	27174	29208	28134	28172
2395	27177	29212	28138	28178
2396	27180	29222	28144	28184
2397	27184	29234	28151	28189
2398	27189	29236	28156	28195
2399	27191	29241	28162	28201
2400	27193	29251	28169	28207
2401	27196	29261	28173	28212
2402	27200	29262	28177	28217
2403	27205	29263	28183	28222
2404	27209	29264	28189	28226
2405	27219	29269	28196	28231
2406	27221	29272	28201	28236
2407	27228	29276	28206	28241
2408	27238	29280	28211	28246
2409	27244	29291	28216	28251
2410	27246	29297	28222	28256
2411	27253	29298	28226	28261
2412	27259	29298	28231	28266
2413	27265	29307	28235	28271
