depth	min	max	median	mean
0	16288	17637	16992	16984
1	16295	17638	16996	16989
2	16301	17643	17001	16994
3	16305	17650	17005	16999
4	16310	17654	17010	17004
5	16316	17659	17014	17009
6	16323	17666	17020	17014
7	16332	17672	17025	17019
8	16336	17678	17030	17023
9	16342	17682	17036	17028
10	16347	17684	17041	17033
11	16354	17686	17046	17038
12	16357	17689	17051	17043
13	16362	17692	17056	17048
14	16372	17698	17061	17053
15	16376	17707	17066	17058
16	16380	17711	17072	17063
17	16386	17714	17077	17067
18	16391	17718	17082	17072
19	16396	17721	17087	17077
20	16400	17723	17093	17082
21	16407	17725	17098	17087
22	16414	17729	17102	17092
23	16417	17737	17108	17097
24	16422	17745	17112	17102
25	16426	17749	17117	17107
26	16430	17749	17122	17112
27	16439	17750	17127	17118
28	16447	17755	17133	17123
29	16457	17761	17138	17128
30	16464	17761	17144	17133
31	16469	17762	17149	17138
32	16474	17765	17155	17143
33	16481	17769	17160	17148
34	16486	17773	17165	17153
35	16490	17780	17168	17158
36	16497	17783	17174	17163
37	16501	17786	17179	17168
38	16510	17790	17185	17173
39	16521	17798	17190	17178
40	16522	17808	17195	17184
41	16529	17809	17198	17188
42	16537	17812	17204	17193
43	16544	17815	17208	17198
44	16550	17818	17212	17203
45	16556	17823	17217	17208
46	16562	17826	17221	17213
47	16567	17829	17227	17218
48	16573	17832	17232	17223
49	16576	17837	17237	17228
50	16582	17841	17242	17233
51	16585	17848	17246	17238
52	16591	17852	17251	17243
53	16596	17857	17256	17247
54	16599	17862	17261	17252
55	16603	17865	17266	17257
56	16606	17870	17271	17262
57	16611	17876	17277	17267
58	16619	17881	17281	17272
59	16621	17886	17285	17277
60	16625	17891	17290	17282
61	16632	17893	17297	17287
62	16641	17899	17302	17292
63	16647	17904	17306	17297
64	16653	17908	17312	17302
65	16659	17913	17317	17307
66	16669	17915	17322	17312
67	16672	17918	17327	17317
68	16678	17921	17332	17322
69	16683	17924	17336	17327
70	16691	17927	17341	17332
71	16698	17933	17346	17337
72	16706	17937	17351	17342
73	16710	17940	17357	17347
74	16716	17941	17361	17352
75	16723	17947	17366	17357
76	16727	17954	17372	17362
77	16734	17957	17376	17366
78	16742	17960	17382	17371
79	16747	17965	17387	17376
80	16751	17969	17391	17381
81	16756	17972	17396	17387
82	16762	17975	17401	17392
83	16768	17979	17406	17397
84	16776	17982	17411	17403
85	16784	17986	17415	17408
86	16788	17989	17420	17413
87	16797	17995	17426	17419
88	16802	18000	17430	17424
89	16811	18001	17436	17429
90	16815	18008	17442	17434
91	16821	18014	17447	17440
92	16833	18017	17452	17445
93	16840	18024	17457	17450
94	16845	18028	17462	17456
95	16847	18036	17467	17461
96	16852	18044	17472	17466
97	16863	18046	17477	17472
98	16867	18052	17483	17477
99	16870	18056	17488	17482
100	16878	18060	17493	17488
101	16884	18062	17499	17493
102	16890	18067	17504	17498
103	16894	18069	17509	17503
104	16902	18073	17513	17508
105	16909	18076	17519	17513
106	16916	18080	17523	17519
107	16920	18084	17528	17524
108	16926	18088	17532	17529
109	16931	18092	17537	17534
110	16934	18095	17542	17539
111	16940	18098	17547	17544
112	16946	18100	17552	17550
113	16951	18102	17558	17555
114	16957	18110	17563	17560
115	16964	18114	17569	17565
116	16969	18119	17575	17570
117	16975	18127	17581	17575
118	16979	18133	17586	17581
119	16982	18139	17590	17586
120	16988	18143	17595	17591
121	16994	18148	17599	17596
122	17000	18152	17605	17601
123	17007	18153	17610	17606
124	17015	18157	17616	17611
125	17022	18161	17621	17616
126	17027	18164	17626	17622
127	17035	18169	17632	17627
128	17045	18171	17637	17632
129	17054	18176	17643	17637
130	17057	18180	17648	17642
131	17068	18184	17652	17647
132	17078	18188	17659	17652
133	17088	18189	17664	17657
134	17094	18193	17670	17662
135	17099	18195	17675	17668
136	17101	18198	17680	17673
137	17104	18206	17686	17678
138	17111	18209	17692	17683
139	17115	18214	17697	17688
140	17119	18217	17702	17693
141	17129	18220	17707	17698
142	17140	18225	17711	17703
143	17149	18228	17715	17708
144	17156	18231	17719	17713
145	17162	18235	17723	17718
146	17169	18238	17727	17723
147	17175	18242	17732	17728
148	17183	18246	17738	17733
149	17190	18251	17744	17737
150	17193	18257	17748	17742
151	17194	18260	17752	17747
152	17201	18264	17756	17752
153	17204	18267	17763	17757
154	17211	18269	17768	17762
155	17218	18271	17773	17767
156	17228	18276	17777	17772
157	17236	18279	17782	17777
158	17244	18280	17789	17782
159	17249	18284	17794	17787
160	17256	18294	17798	17792
161	17259	18297	17802	17797
162	17273	18303	17807	17802
163	17278	18305	17812	17807
164	17285	18310	17817	17812
165	17292	18315	17822	17817
166	17296	18319	17827	17822
167	17304	18325	17832	17827
168	17311	18327	17837	17832
169	17317	18331	17841	17837
170	17323	18335	17846	17843
171	17325	18337	17852	17848
172	17335	18339	17857	17853
173	17340	18342	17862	17858
174	17345	18347	17867	17863
175	17352	18350	17873	17868
176	17356	18355	17879	17873
177	17364	18358	17883	17878
178	17373	18364	17890	17883
179	17379	18368	17894	17888
180	17382	18372	17899	17893
181	17389	18376	17904	17898
182	17397	18379	17908	17903
183	17406	18382	17912	17908
184	17412	18386	17918	17913
185	17416	18392	17923	17918
186	17422	18397	17928	17923
187	17429	18401	17933	17927
188	17438	18405	17939	17932
189	17442	18410	17945	17937
190	17451	18415	17949	17942
191	17457	18420	17953	17947
192	17463	18425	17959	17952
193	17470	18431	17963	17957
194	17474	18436	17967	17962
195	17481	18439	17972	17966
196	17489	18444	17977	17971
197	17494	18448	17983	17976
198	17499	18454	17988	17981
199	17504	18458	17993	17986
200	17510	18461	17997	17991
201	17514	18464	18002	17996
202	17519	18467	18008	18001
203	17528	18472	18013	18006
204	17540	18474	18018	18011
205	17547	18478	18023	18016
206	17553	18481	18028	18021
207	17560	18484	18034	18026
208	17567	18487	18039	18031
209	17571	18490	18044	18036
210	17574	18493	18050	18041
211	17579	18497	18054	18046
212	17586	18501	18060	18051
213	17593	18509	18065	18056
214	17598	18514	18070	18061
215	17602	18519	18074	18067
216	17607	18526	18080	18072
217	17611	18530	18084	18077
218	17615	18534	18090	18082
219	17619	18541	18095	18087
220	17624	18546	18100	18092
221	17634	18548	18104	18097
222	17639	18550	18108	18102
223	17646	18554	18113	18107
224	17655	18558	18117	18111
225	17658	18560	18121	18116
226	17666	18565	18125	18121
227	17672	18569	18130	18126
228	17684	18571	18136	18131
229	17689	18573	18140	18136
230	17698	18575	18144	18141
231	17705	18579	18148	18146
232	17707	18583	18152	18151
233	17710	18587	18156	18156
234	17718	18590	18160	18161
235	17728	18593	18164	18166
236	17734	18598	18168	18171
237	17742	18603	18172	18176
238	17745	18607	18175	18180
239	17749	18612	18180	18185
240	17754	18616	18185	18190
241	17763	18619	18190	18195
242	17774	18622	18194	18200
243	17780	18626	18199	18206
244	17783	18628	18204	18211
245	17791	18630	18209	18216
246	17797	18633	18213	18221
247	17803	18637	18219	18226
248	17809	18644	18224	18231
249	17814	18647	18228	18236
250	17822	18648	18232	18241
251	17826	18652	18236	18246
252	17838	18655	18242	18251
253	17847	18660	18246	18256
254	17852	18663	18252	18262
255	17861	18667	18256	18267
256	17873	18670	18261	18272
257	17881	18674	18266	18277
258	17883	18678	18271	18282
259	17890	18685	18275	18287
260	17899	18692	18279	18292
261	17908	18694	18283	18297
262	17917	18696	18288	18302
263	17927	18698	18292	18308
264	17936	18700	18296	18313
265	17947	18703	18300	18318
266	17960	18704	18305	18323
267	17967	18707	18310	18328
268	17978	18711	18313	18333
269	17986	18713	18317	18339
270	18002	18716	18321	18344
271	18011	18721	18325	18349
272	18019	18725	18330	18354
273	18029	18729	18335	18359
274	18040	18736	18339	18365
275	18043	18741	18344	18370
276	18048	18747	18347	18375
277	18053	18750	18351	18380
278	18059	18756	18355	18385
279	18065	18762	18361	18390
280	18070	18766	18367	18396
281	18082	18768	18370	18400
282	18094	18771	18374	18405
283	18105	18773	18379	18410
284	18115	18775	18383	18414
285	18127	18777	18387	18419
286	18140	18779	18391	18424
287	18154	18782	18395	18428
288	18159	18785	18399	18433
289	18164	18789	18404	18438
290	18170	18793	18408	18442
291	18177	18796	18413	18447
292	18184	18799	18417	18452
293	18188	18803	18422	18456
294	18194	18806	18427	18461
295	18200	18811	18431	18466
296	18204	18815	18437	18470
297	18207	18818	18442	18475
298	18211	18824	18447	18480
299	18215	18829	18453	18485
300	18221	18834	18458	18489
301	18226	18838	18462	18493
302	18231	18841	18466	18497
303	18234	18844	18470	18501
304	18240	18848	18474	18505
305	18244	18851	18479	18510
306	18250	18856	18484	18514
307	18252	18858	18488	18518
308	18259	18861	18493	18522
309	18263	18865	18498	18526
310	18267	18866	18502	18530
311	18272	18871	18507	18534
312	18275	18876	18512	18538
313	18277	18883	18517	18542
314	18280	18887	18522	18546
315	18283	18891	18527	18550
316	18285	18894	18531	18554
317	18286	18899	18536	18558
318	18287	18905	18540	18563
319	18291	18909	18545	18567
320	18293	18915	18550	18571
321	18298	18917	18554	18575
322	18305	18919	18558	18579
323	18310	18923	18563	18583
324	18313	18928	18567	18587
325	18318	18932	18572	18591
326	18321	18936	18575	18595
327	18325	18940	18579	18599
328	18329	18944	18584	18603
329	18333	18947	18588	18607
330	18337	18950	18591	18611
331	18340	18953	18596	18615
332	18343	18958	18600	18619
333	18347	18962	18605	18623
334	18349	18966	18610	18627
335	18352	18969	18615	18631
336	18356	18976	18621	18635
337	18358	18978	18625	18639
338	18360	18984	18629	18643
339	18363	18987	18634	18647
340	18366	18991	18638	18651
341	18371	18995	18641	18655
342	18377	18997	18645	18659
343	18383	19002	18649	18663
344	18387	19004	18653	18667
345	18391	19006	18658	18672
346	18397	19014	18662	18676
347	18402	19016	18667	18680
348	18407	19020	18670	18684
349	18410	19021	18675	18688
350	18413	19024	18679	18692
351	18416	19029	18683	18696
352	18418	19034	18687	18700
353	18424	19038	18693	18704
354	18427	19040	18698	18708
355	18429	19044	18702	18713
356	18434	19046	18707	18717
357	18437	19048	18712	18721
358	18442	19052	18717	18725
359	18445	19056	18721	18729
360	18447	19061	18724	18733
361	18453	19064	18728	18737
362	18460	19067	18732	18741
363	18464	19069	18736	18745
364	18474	19072	18740	18749
365	18481	19077	18743	18754
366	18485	19079	18747	18758
367	18488	19084	18750	18762
368	18493	19087	18754	18766
369	18496	19090	18758	18770
370	18498	19094	18762	18774
371	18502	19097	18766	18778
372	18506	19100	18771	18782
373	18512	19104	18775	18786
374	18517	19109	18779	18790
375	18520	19113	18784	18795
376	18524	19117	18788	18799
377	18526	19120	18793	18803
378	18527	19126	18797	18807
379	18529	19131	18801	18811
380	18531	19137	18805	18815
381	18540	19141	18809	18819
382	18547	19144	18812	18823
383	18552	19150	18817	18827
384	18558	19152	18821	18832
385	18563	19156	18825	18836
386	18568	19159	18829	18840
387	18573	19163	18832	18844
388	18578	19167	18836	18848
389	18581	19173	18839	18852
390	18586	19177	18844	18856
391	18588	19179	18849	18860
392	18592	19183	18853	18864
393	18597	19188	18858	18868
394	18601	19191	18862	18873
395	18605	19192	18866	18877
396	18608	19201	18871	18881
397	18611	19208	18875	18885
398	18613	19213	18879	18889
399	18616	19222	18883	18893
400	18622	19228	18887	18897
401	18626	19231	18892	18901
402	18628	19234	18896	18905
403	18633	19238	18899	18909
404	18637	19240	18904	18913
405	18643	19243	18908	18917
406	18648	19248	18912	18921
407	18650	19253	18916	18925
408	18653	19256	18919	18929
409	18659	19260	18924	18933
410	18661	19262	18928	18937
411	18667	19266	18932	18941
412	18670	19268	18936	18945
413	18674	19271	18940	18949
414	18677	19277	18945	18953
415	18681	19280	18950	18957
416	18686	19287	18954	18961
417	18691	19296	18958	18965
418	18693	19305	18962	18969
419	18695	19311	18967	18973
420	18697	19318	18971	18977
421	18702	19320	18975	18981
422	18705	19322	18979	18985
423	18708	19324	18983	18989
424	18710	19327	18986	18993
425	18714	19331	18990	18997
426	18718	19334	18994	19001
427	18723	19339	18998	19005
428	18727	19345	19001	19009
429	18729	19351	19005	19013
430	18732	19357	19008	19017
431	18735	19362	19012	19021
432	18740	19367	19016	19025
433	18744	19369	19020	19029
434	18745	19372	19023	19033
435	18746	19376	19028	19037
436	18749	19387	19031	19041
437	18751	19392	19035	19045
438	18752	19400	19039	19049
439	18754	19405	19043	19053
440	18756	19412	19046	19057
441	18761	19415	19050	19061
442	18764	19419	19054	19064
443	18769	19420	19058	19068
444	18774	19423	19063	19072
445	18777	19426	19067	19076
446	18779	19431	19071	19080
447	18781	19432	19076	19084
448	18782	19441	19080	19088
449	18788	19446	19084	19091
450	18792	19451	19088	19095
451	18795	19454	19092	19099
452	18797	19458	19097	19103
453	18800	19462	19100	19107
454	18804	19467	19104	19111
455	18806	19471	19107	19114
456	18808	19477	19111	19118
457	18810	19483	19114	19122
458	18812	19487	19119	19126
459	18813	19493	19122	19130
460	18816	19500	19126	19134
461	18822	19505	19130	19138
462	18827	19510	19133	19142
463	18834	19513	19137	19146
464	18836	19521	19141	19150
465	18838	19524	19145	19154
466	18843	19527	19149	19157
467	18848	19532	19153	19161
468	18850	19536	19157	19165
469	18853	19540	19161	19169
470	18858	19546	19164	19173
471	18861	19551	19168	19177
472	18865	19556	19172	19181
473	18868	19560	19176	19185
474	18870	19563	19180	19189
475	18873	19570	19183	19193
476	18875	19577	19186	19197
477	18877	19584	19190	19201
478	18879	19587	19194	19205
479	18883	19594	19198	19209
480	18884	19598	19202	19213
481	18890	19601	19205	19217
482	18895	19604	19210	19221
483	18898	19607	19214	19225
484	18902	19612	19218	19229
485	18904	19617	19223	19233
486	18907	19621	19227	19237
487	18913	19625	19232	19241
488	18917	19627	19236	19245
489	18920	19631	19240	19249
490	18922	19635	19245	19253
491	18925	19641	19249	19256
492	18930	19643	19254	19260
493	18932	19645	19257	19264
494	18935	19649	19262	19268
495	18938	19653	19265	19272
496	18941	19658	19268	19276
497	18944	19663	19272	19280
498	18947	19672	19276	19284
499	18949	19678	19279	19288
500	18952	19690	19283	19292
501	18957	19691	19287	19296
502	18961	19693	19291	19300
503	18965	19697	19295	19304
504	18969	19700	19300	19308
505	18973	19703	19303	19312
506	18978	19707	19307	19316
507	18981	19711	19311	19320
508	18984	19716	19316	19324
509	18990	19722	19321	19328
510	18992	19726	19325	19332
511	18996	19729	19329	19336
512	18999	19735	19334	19340
513	19002	19739	19337	19344
514	19007	19746	19341	19348
515	19009	19752	19344	19352
516	19012	19757	19348	19356
517	19015	19761	19352	19360
518	19018	19766	19356	19365
519	19021	19770	19359	19369
520	19024	19777	19362	19373
521	19028	19779	19367	19376
522	19033	19781	19371	19380
523	19036	19788	19375	19384
524	19042	19790	19379	19388
525	19044	19792	19384	19392
526	19047	19796	19388	19396
527	19052	19800	19392	19400
528	19054	19804	19397	19403
529	19056	19808	19401	19407
530	19059	19811	19405	19411
531	19061	19814	19409	19415
532	19064	19816	19412	19419
533	19067	19820	19416	19423
534	19070	19824	19421	19426
535	19072	19827	19426	19430
536	19076	19831	19429	19434
537	19079	19835	19433	19438
538	19083	19840	19436	19442
539	19086	19847	19440	19446
540	19088	19855	19444	19450
541	19094	19856	19448	19453
542	19097	19859	19452	19457
543	19100	19861	19456	19461
544	19102	19864	19459	19465
545	19106	19869	19463	19469
546	19108	19872	19465	19473
547	19112	19874	19470	19476
548	19116	19881	19475	19480
549	19119	19887	19478	19484
550	19123	19891	19482	19488
551	19129	19898	19486	19492
552	19131	19899	19490	19496
553	19134	19907	19493	19500
554	19136	19912	19497	19503
555	19139	19917	19501	19507
556	19142	19920	19504	19511
557	19144	19926	19508	19515
558	19147	19931	19511	19519
559	19148	19937	19515	19523
560	19151	19942	19519	19526
561	19154	19946	19523	19530
562	19156	19949	19527	19534
563	19159	19952	19532	19538
564	19164	19956	19536	19542
565	19172	19961	19539	19546
566	19177	19965	19544	19549
567	19180	19967	19548	19553
568	19183	19971	19552	19557
569	19187	19976	19556	19561
570	19192	19979	19560	19565
571	19194	19985	19563	19568
572	19197	19990	19567	19572
573	19199	19994	19570	19576
574	19203	19995	19574	19580
575	19209	20001	19578	19584
576	19213	20006	19581	19588
577	19216	20010	19585	19591
578	19217	20016	19589	19595
579	19220	20021	19592	19599
580	19223	20025	19597	19603
581	19228	20032	19601	19607
582	19232	20035	19605	19611
583	19236	20037	19609	19615
584	19241	20040	19614	19619
585	19245	20045	19618	19623
586	19249	20047	19621	19627
587	19251	20051	19625	19631
588	19253	20057	19628	19635
589	19255	20061	19633	19639
590	19263	20067	19637	19643
591	19266	20071	19641	19646
592	19268	20074	19643	19650
593	19269	20078	19647	19654
594	19271	20081	19652	19658
595	19275	20083	19657	19662
596	19276	20085	19659	19666
597	19279	20088	19665	19670
598	19282	20091	19668	19674
599	19287	20095	19672	19678
600	19289	20098	19675	19682
601	19292	20102	19680	19686
602	19299	20105	19684	19690
603	19303	20110	19688	19694
604	19307	20114	19691	19697
605	19309	20119	19695	19701
606	19313	20123	19700	19705
607	19316	20128	19703	19709
608	19317	20132	19707	19713
609	19321	20137	19710	19717
610	19323	20143	19714	19721
611	19326	20149	19719	19724
612	19328	20150	19723	19728
613	19332	20152	19726	19732
614	19336	20152	19730	19736
615	19340	20162	19733	19740
616	19343	20166	19738	19744
617	19346	20171	19741	19747
618	19349	20177	19744	19751
619	19351	20183	19748	19755
620	19353	20187	19752	19759
621	19359	20190	19756	19763
622	19363	20193	19758	19767
623	19366	20196	19761	19770
624	19369	20199	19766	19774
625	19372	20206	19770	19778
626	19379	20209	19774	19782
627	19383	20212	19778	19786
628	19387	20215	19782	19789
629	19390	20219	19787	19793
630	19394	20223	19790	19797
631	19400	20230	19793	19801
632	19403	20236	19797	19805
633	19406	20242	19801	19808
634	19408	20248	19805	19812
635	19411	20253	19810	19816
636	19416	20257	19813	19820
637	19420	20266	19818	19824
638	19423	20273	19821	19828
639	19428	20277	19824	19831
640	19431	20282	19828	19835
641	19435	20285	19831	19839
642	19439	20287	19835	19843
643	19442	20287	19840	19847
644	19445	20290	19843	19851
645	19449	20291	19847	19855
646	19453	20293	19851	19859
647	19457	20296	19854	19863
648	19459	20302	19858	19867
649	19463	20305	19863	19871
650	19468	20310	19867	19875
651	19472	20319	19871	19879
652	19476	20323	19876	19883
653	19479	20327	19881	19887
654	19483	20332	19885	19891
655	19486	20336	19888	19895
656	19490	20340	19893	19899
657	19494	20347	19898	19902
658	19498	20351	19902	19906
659	19503	20357	19905	19910
660	19508	20363	19909	19914
661	19512	20366	19913	19918
662	19516	20370	19918	19922
663	19519	20373	19921	19926
664	19521	20374	19926	19930
665	19525	20375	19930	19934
666	19529	20378	19933	19938
667	19533	20384	19937	19942
668	19536	20390	19941	19946
669	19539	20396	19944	19950
670	19542	20399	19948	19954
671	19546	20401	19952	19957
672	19549	20405	19956	19961
673	19552	20407	19960	19965
674	19554	20413	19964	19969
675	19556	20416	19968	19973
676	19560	20418	19971	19977
677	19563	20422	19975	19981
678	19566	20427	19979	19985
679	19568	20430	19984	19989
680	19573	20432	19987	19993
681	19576	20437	19992	19997
682	19582	20440	19995	20001
683	19586	20445	19999	20005
684	19589	20449	20003	20009
685	19593	20454	20007	20012
686	19596	20460	20011	20016
687	19598	20466	20015	20020
688	19602	20467	20019	20024
689	19606	20472	20022	20028
690	19607	20476	20026	20032
691	19610	20481	20030	20036
692	19614	20485	20034	20040
693	19617	20493	20037	20044
694	19618	20500	20040	20048
695	19623	20506	20044	20052
696	19626	20507	20048	20056
697	19626	20511	20052	20060
698	19628	20514	20058	20064
699	19632	20519	20062	20068
700	19635	20524	20065	20072
701	19638	20528	20069	20076
702	19641	20532	20073	20080
703	19645	20536	20076	20084
704	19649	20538	20080	20088
705	19656	20541	20083	20092
706	19663	20546	20086	20096
707	19666	20548	20091	20100
708	19671	20553	20094	20104
709	19672	20555	20099	20108
710	19677	20560	20103	20111
711	19684	20566	20107	20115
712	19688	20568	20111	20119
713	19689	20572	20114	20123
714	19694	20575	20118	20127
715	19696	20579	20122	20131
716	19699	20582	20127	20135
717	19700	20585	20131	20139
718	19704	20592	20135	20143
719	19710	20596	20140	20147
720	19712	20599	20145	20151
721	19717	20606	20149	20155
722	19721	20609	20153	20159
723	19724	20612	20158	20163
724	19730	20615	20161	20167
725	19736	20621	20163	20170
726	19739	20625	20167	20174
727	19745	20632	20171	20178
728	19751	20633	20175	20182
729	19753	20639	20179	20186
730	19756	20641	20182	20190
731	19761	20648	20187	20194
732	19765	20653	20190	20198
733	19767	20655	20194	20202
734	19771	20659	20198	20205
735	19775	20663	20201	20209
736	19779	20667	20204	20213
737	19783	20673	20208	20217
738	19784	20679	20212	20221
739	19784	20684	20217	20225
740	19789	20690	20221	20229
741	19790	20696	20224	20233
742	19796	20698	20228	20236
743	19800	20700	20231	20240
744	19804	20701	20236	20244
745	19807	20702	20240	20247
746	19810	20705	20244	20251
747	19814	20710	20248	20255
748	19817	20713	20253	20259
749	19818	20717	20256	20262
750	19822	20719	20260	20266
751	19826	20722	20263	20270
752	19830	20729	20267	20274
753	19832	20731	20272	20277
754	19835	20735	20275	20281
755	19838	20739	20279	20285
756	19840	20746	20284	20288
757	19842	20752	20289	20292
758	19844	20754	20294	20296
759	19847	20757	20297	20300
760	19850	20761	20300	20303
761	19859	20765	20304	20307
762	19862	20770	20308	20311
763	19864	20773	20312	20315
764	19875	20777	20316	20319
765	19879	20780	20319	20323
766	19882	20786	20323	20327
767	19886	20789	20327	20331
768	19889	20792	20331	20334
769	19890	20798	20335	20338
770	19893	20801	20338	20342
771	19896	20806	20343	20346
772	19898	20812	20346	20350
773	19900	20816	20351	20354
774	19905	20820	20355	20358
775	19910	20825	20359	20362
776	19914	20830	20363	20366
777	19917	20834	20367	20369
778	19920	20841	20371	20373
779	19923	20847	20375	20377
780	19925	20851	20379	20381
781	19929	20855	20383	20385
782	19933	20858	20387	20389
783	19940	20862	20391	20393
784	19945	20863	20396	20397
785	19947	20864	20399	20401
786	19953	20868	20404	20405
787	19957	20871	20407	20409
788	19960	20874	20411	20414
789	19965	20879	20414	20418
790	19970	20881	20418	20422
791	19973	20884	20423	20426
792	19977	20886	20427	20430
793	19981	20889	20431	20434
794	19984	20895	20434	20438
795	19989	20897	20438	20442
796	19992	20903	20441	20446
797	19995	20906	20445	20450
798	19999	20912	20448	20454
799	20003	20917	20452	20458
800	20006	20920	20457	20462
801	20012	20924	20462	20466
802	20015	20929	20465	20470
803	20022	20933	20469	20474
804	20029	20937	20473	20478
805	20032	20940	20476	20482
806	20038	20944	20480	20485
807	20042	20949	20484	20489
808	20047	20954	20488	20493
809	20050	20958	20491	20497
810	20053	20961	20495	20501
811	20055	20965	20500	20505
812	20058	20969	20504	20509
813	20063	20974	20508	20513
814	20067	20979	20512	20517
815	20071	20986	20516	20520
816	20074	20990	20520	20524
817	20076	20996	20524	20528
818	20081	21001	20528	20532
819	20085	21005	20533	20536
820	20089	21010	20537	20540
821	20093	21013	20541	20544
822	20098	21015	20544	20548
823	20102	21018	20548	20552
824	20105	21021	20551	20556
825	20111	21024	20556	20559
826	20114	21027	20560	20563
827	20118	21031	20565	20567
828	20122	21036	20569	20571
829	20125	21039	20574	20575
830	20128	21041	20577	20579
831	20132	21044	20581	20583
832	20136	21047	20585	20587
833	20140	21049	20589	20591
834	20145	21051	20593	20595
835	20149	21056	20597	20599
836	20152	21061	20600	20603
837	20155	21065	20605	20607
838	20159	21071	20609	20611
839	20162	21075	20613	20614
840	20165	21080	20617	20618
841	20169	21085	20621	20622
842	20173	21089	20624	20626
843	20180	21092	20627	20630
844	20183	21094	20632	20634
845	20188	21099	20635	20638
846	20194	21104	20639	20641
847	20201	21105	20644	20645
848	20207	21107	20647	20649
849	20210	21111	20651	20653
850	20213	21115	20656	20657
851	20216	21118	20660	20661
852	20221	21123	20663	20665
853	20225	21130	20667	20668
854	20228	21135	20669	20672
855	20231	21139	20672	20676
856	20233	21144	20675	20680
857	20237	21149	20679	20684
858	20239	21154	20684	20688
859	20243	21156	20687	20692
860	20248	21165	20691	20695
861	20254	21166	20695	20699
862	20257	21171	20699	20703
863	20264	21175	20702	20707
864	20267	21177	20706	20711
865	20269	21178	20710	20715
866	20274	21180	20714	20718
867	20281	21184	20718	20722
868	20285	21188	20722	20726
869	20287	21190	20725	20730
870	20290	21194	20728	20734
871	20296	21197	20732	20737
872	20300	21203	20735	20741
873	20305	21207	20738	20745
874	20308	21214	20743	20749
875	20311	21218	20746	20753
876	20314	21224	20749	20756
877	20316	21229	20754	20760
878	20317	21236	20758	20764
879	20320	21239	20761	20768
880	20323	21244	20765	20772
881	20328	21248	20768	20775
882	20335	21252	20772	20779
883	20342	21254	20775	20783
884	20348	21256	20780	20787
885	20352	21258	20784	20791
886	20356	21262	20788	20794
887	20361	21267	20791	20798
888	20362	21268	20794	20802
889	20366	21271	20798	20806
890	20369	21274	20802	20809
891	20375	21277	20805	20813
892	20378	21279	20810	20817
893	20384	21283	20814	20821
894	20388	21284	20817	20825
895	20390	21288	20822	20828
896	20395	21292	20826	20832
897	20397	21297	20831	20836
898	20399	21300	20836	20840
899	20402	21304	20840	20844
900	20405	21307	20843	20847
901	20411	21309	20847	20851
902	20420	21313	20851	20855
903	20424	21318	20854	20859
904	20430	21319	20858	20863
905	20435	21323	20862	20867
906	20442	21326	20865	20871
907	20443	21328	20869	20875
908	20447	21329	20874	20879
909	20454	21334	20878	20883
910	20460	21339	20883	20887
911	20463	21342	20887	20891
912	20468	21346	20890	20895
913	20472	21350	20893	20899
914	20474	21354	20896	20903
915	20477	21356	20900	20906
916	20480	21363	20904	20910
917	20484	21368	20907	20914
918	20486	21369	20912	20918
919	20489	21374	20916	20922
920	20492	21380	20921	20926
921	20500	21382	20924	20930
922	20507	21384	20928	20934
923	20511	21389	20932	20938
924	20512	21393	20936	20942
925	20515	21396	20940	20946
926	20521	21400	20944	20950
927	20526	21404	20948	20954
928	20530	21405	20953	20958
929	20534	21409	20957	20962
930	20541	21412	20962	20966
931	20547	21416	20966	20970
932	20550	21419	20971	20974
933	20553	21424	20975	20978
934	20554	21429	20979	20982
935	20555	21434	20983	20986
936	20558	21440	20986	20990
937	20561	21445	20990	20994
938	20564	21450	20995	20998
939	20569	21453	21000	21002
940	20573	21459	21004	21006
941	20580	21462	21008	21010
942	20589	21466	21012	21014
943	20594	21468	21015	21018
944	20599	21472	21019	21022
945	20601	21475	21023	21026
946	20608	21481	21027	21030
947	20611	21484	21031	21034
948	20616	21487	21035	21038
949	20619	21490	21039	21042
950	20621	21496	21042	21046
951	20624	21500	21046	21050
952	20629	21502	21050	21054
953	20632	21509	21054	21058
954	20637	21514	21058	21062
955	20641	21517	21062	21066
956	20645	21524	21066	21070
957	20650	21527	21070	21074
958	20655	21530	21073	21078
959	20660	21534	21077	21082
960	20663	21539	21082	21086
961	20667	21543	21086	21090
962	20673	21547	21090	21094
963	20679	21550	21094	21098
964	20686	21554	21098	21102
965	20693	21561	21103	21106
966	20696	21564	21106	21110
967	20701	21568	21110	21114
968	20706	21573	21114	21118
969	20713	21575	21118	21122
970	20718	21579	21122	21126
971	20722	21581	21125	21130
972	20725	21586	21129	21134
973	20729	21588	21134	21138
974	20731	21595	21137	21142
975	20737	21598	21141	21146
976	20740	21601	21146	21150
977	20742	21607	21150	21154
978	20744	21609	21154	21158
979	20746	21612	21158	21162
980	20751	21619	21162	21166
981	20755	21621	21166	21170
982	20760	21623	21170	21174
983	20763	21627	21174	21178
984	20768	21628	21178	21182
985	20772	21631	21183	21186
986	20777	21632	21187	21190
987	20781	21635	21191	21194
988	20783	21640	21195	21198
989	20789	21643	21200	21202
990	20794	21647	21204	21206
991	20798	21650	21208	21210
992	20801	21653	21212	21214
993	20804	21656	21216	21218
994	20808	21659	21221	21222
995	20813	21666	21225	21226
996	20817	21670	21229	21229
997	20821	21674	21233	21233
998	20823	21676	21237	21237
999	20826	21678	21241	21241
1000	20828	21682	21244	21245
1001	20835	21685	21249	21249
1002	20841	21688	21253	21253
1003	20846	21689	21257	21257
1004	20851	21691	21261	21261
1005	20856	21696	21266	21265
1006	20859	21700	21270	21269
1007	20863	21704	21274	21272
1008	20868	21708	21278	21276
1009	20873	21713	21282	21280
1010	20878	21717	21285	21284
1011	20883	21722	21288	21288
1012	20889	21727	21292	21292
1013	20895	21729	21296	21296
1014	20899	21733	21300	21300
1015	20903	21737	21304	21303
1016	20906	21744	21307	21307
1017	20909	21746	21311	21311
1018	20911	21752	21315	21315
1019	20914	21757	21319	21319
1020	20918	21763	21324	21323
1021	20920	21766	21328	21326
1022	20922	21770	21331	21329
1023	20927	21773	21335	21333
1024	20931	21777	21338	21336
1025	20935	21781	21341	21340
1026	20938	21784	21345	21343
1027	20940	21790	21348	21346
1028	20945	21792	21351	21350
1029	20948	21797	21354	21353
1030	20951	21800	21356	21356
1031	20953	21803	21360	21360
1032	20954	21810	21364	21363
1033	20957	21816	21367	21367
1034	20960	21820	21370	21370
1035	20962	21823	21374	21373
1036	20963	21827	21376	21377
1037	20966	21829	21380	21380
1038	20969	21832	21384	21383
1039	20972	21837	21389	21387
1040	20974	21839	21392	21390
1041	20979	21843	21395	21394
1042	20983	21846	21399	21397
1043	20989	21849	21403	21400
1044	20992	21850	21406	21404
1045	20996	21853	21409	21407
1046	20998	21858	21412	21410
1047	21000	21860	21414	21414
1048	21004	21863	21418	21417
1049	21008	21866	21421	21420
1050	21010	21871	21426	21424
1051	21015	21874	21429	21427
1052	21017	21878	21432	21431
1053	21021	21883	21436	21434
1054	21025	21886	21439	21437
1055	21027	21891	21442	21441
1056	21028	21895	21445	21444
1057	21030	21900	21449	21447
1058	21031	21906	21452	21451
1059	21035	21908	21455	21454
1060	21038	21910	21458	21458
1061	21042	21914	21463	21461
1062	21047	21919	21466	21464
1063	21048	21924	21469	21468
1064	21052	21928	21473	21471
1065	21057	21929	21477	21474
1066	21061	21934	21479	21478
1067	21065	21938	21481	21481
1068	21071	21941	21483	21484
1069	21074	21944	21487	21488
1070	21077	21948	21490	21491
1071	21080	21953	21493	21494
1072	21082	21954	21496	21498
1073	21084	21962	21498	21501
1074	21086	21968	21502	21504
1075	21090	21971	21506	21508
1076	21092	21972	21509	21511
1077	21094	21978	21512	21514
1078	21097	21982	21514	21518
1079	21101	21986	21518	21521
1080	21105	21989	21522	21525
1081	21110	21992	21524	21528
1082	21112	21997	21527	21531
1083	21115	22002	21530	21535
1084	21119	22007	21533	21538
1085	21122	22010	21536	21541
1086	21124	22013	21540	21545
1087	21126	22018	21543	21548
1088	21128	22021	21546	21551
1089	21130	22024	21549	21555
1090	21133	22027	21553	21558
1091	21138	22030	21557	21561
1092	21140	22033	21560	21565
1093	21142	22038	21563	21568
1094	21147	22041	21567	21571
1095	21149	22044	21570	21575
1096	21151	22047	21573	21578
1097	21152	22051	21576	21581
1098	21154	22054	21579	21585
1099	21157	22057	21583	21588
1100	21160	22063	21586	21591
1101	21163	22067	21590	21595
1102	21165	22070	21593	21598
1103	21168	22075	21595	21601
1104	21171	22078	21598	21605
1105	21176	22083	21600	21608
1106	21179	22088	21604	21611
1107	21182	22094	21608	21615
1108	21187	22095	21611	21618
1109	21191	22097	21614	21622
1110	21195	22102	21617	21625
1111	21199	22106	21620	21628
1112	21201	22112	21623	21632
1113	21204	22118	21626	21635
1114	21207	22124	21630	21638
1115	21210	22129	21633	21642
1116	21214	22137	21636	21645
1117	21217	22141	21639	21648
1118	21219	22146	21642	21652
1119	21222	22149	21645	21655
1120	21224	22153	21650	21658
1121	21228	22157	21652	21662
1122	21232	22159	21655	21665
1123	21235	22159	21658	21668
1124	21238	22160	21661	21672
1125	21242	22166	21666	21675
1126	21246	22175	21669	21678
1127	21249	22177	21672	21682
1128	21252	22180	21676	21685
1129	21254	22182	21680	21688
1130	21261	22184	21682	21692
1131	21264	22188	21686	21695
1132	21268	22192	21689	21698
1133	21271	22196	21692	21702
1134	21273	22201	21696	21705
1135	21280	22206	21699	21708
1136	21286	22210	21703	21712
1137	21288	22216	21706	21715
1138	21288	22218	21711	21718
1139	21289	22219	21714	21722
1140	21294	22227	21717	21725
1141	21297	22230	21721	21729
1142	21303	22232	21724	21732
1143	21305	22233	21726	21735
1144	21307	22236	21729	21739
1145	21312	22239	21732	21742
1146	21313	22244	21736	21745
1147	21316	22247	21740	21749
1148	21319	22252	21744	21752
1149	21321	22256	21747	21756
1150	21325	22258	21749	21759
1151	21328	22262	21752	21762
1152	21330	22265	21754	21766
1153	21332	22271	21757	21769
1154	21335	22275	21761	21772
1155	21339	22277	21765	21776
1156	21343	22283	21769	21779
1157	21347	22288	21773	21783
1158	21350	22291	21776	21786
1159	21353	22294	21779	21789
1160	21356	22297	21782	21793
1161	21361	22299	21786	21796
1162	21364	22302	21789	21800
1163	21367	22306	21794	21803
1164	21373	22309	21797	21807
1165	21378	22313	21800	21810
1166	21381	22315	21803	21813
1167	21385	22318	21806	21817
1168	21388	22322	21810	21820
1169	21391	22329	21814	21824
1170	21393	22334	21818	21827
1171	21396	22341	21821	21831
1172	21401	22346	21825	21834
1173	21403	22348	21828	21838
1174	21405	22350	21832	21841
1175	21405	22357	21836	21844
1176	21408	22360	21839	21848
1177	21410	22364	21844	21851
1178	21415	22367	21847	21855
1179	21418	22374	21851	21858
1180	21420	22378	21854	21862
1181	21425	22381	21857	21865
1182	21430	22384	21860	21869
1183	21434	22385	21862	21872
1184	21439	22388	21865	21875
1185	21443	22393	21869	21879
1186	21449	22395	21873	21882
1187	21453	22397	21876	21886
1188	21456	22403	21880	21889
1189	21459	22406	21883	21893
1190	21465	22410	21887	21896
1191	21469	22412	21890	21899
1192	21474	22415	21893	21903
1193	21475	22418	21897	21906
1194	21479	22424	21900	21910
1195	21482	22431	21903	21913
1196	21484	22435	21906	21917
1197	21487	22437	21909	21920
1198	21488	22439	21913	21923
1199	21491	22446	21917	21927
1200	21493	22453	21920	21930
1201	21497	22457	21923	21934
1202	21503	22459	21926	21937
1203	21506	22463	21929	21940
1204	21510	22466	21931	21943
1205	21515	22469	21934	21947
1206	21520	22473	21937	21950
1207	21524	22475	21941	21953
1208	21528	22477	21943	21957
1209	21532	22482	21947	21960
1210	21540	22487	21950	21963
1211	21541	22493	21953	21967
1212	21545	22501	21958	21970
1213	21546	22503	21961	21973
1214	21548	22505	21966	21976
1215	21553	22508	21969	21980
1216	21558	22511	21972	21983
1217	21561	22516	21975	21986
1218	21563	22521	21978	21990
1219	21566	22527	21981	21993
1220	21569	22532	21984	21996
1221	21571	22535	21987	22000
1222	21575	22539	21991	22003
1223	21581	22543	21995	22007
1224	21585	22547	21998	22010
1225	21590	22550	22002	22014
1226	21595	22555	22006	22017
1227	21599	22559	22008	22021
1228	21602	22564	22012	22024
1229	21604	22569	22014	22028
1230	21607	22571	22017	22031
1231	21610	22579	22020	22034
1232	21612	22582	22024	22038
1233	21615	22589	22028	22041
1234	21616	22593	22031	22045
1235	21619	22599	22035	22048
1236	21622	22602	22039	22052
1237	21625	22607	22042	22055
1238	21626	22611	22045	22059
1239	21631	22614	22049	22062
1240	21633	22621	22052	22066
1241	21638	22624	22056	22069
1242	21642	22627	22060	22073
1243	21647	22630	22063	22076
1244	21652	22632	22067	22080
1245	21653	22634	22070	22083
1246	21657	22637	22074	22087
1247	21662	22644	22078	22090
1248	21669	22651	22082	22094
1249	21674	22659	22085	22097
1250	21678	22662	22087	22101
1251	21679	22664	22091	22104
1252	21681	22673	22094	22108
1253	21683	22677	22097	22111
1254	21684	22681	22100	22115
1255	21687	22688	22103	22118
1256	21692	22693	22106	22122
1257	21697	22697	22108	22125
1258	21705	22700	22112	22129
1259	21709	22703	22115	22132
1260	21711	22706	22118	22136
1261	21714	22710	22121	22139
1262	21717	22712	22125	22143
1263	21720	22714	22127	22146
1264	21722	22717	22131	22149
1265	21725	22718	22134	22153
1266	21727	22725	22139	22156
1267	21729	22729	22143	22160
1268	21732	22732	22146	22163
1269	21736	22734	22150	22166
1270	21738	22739	22153	22170
1271	21742	22744	22156	22173
1272	21746	22747	22159	22177
1273	21749	22749	22162	22180
1274	21755	22750	22165	22183
1275	21758	22752	22169	22187
1276	21761	22758	22172	22190
1277	21763	22759	22175	22194
1278	21766	22761	22179	22197
1279	21767	22765	22183	22200
1280	21771	22771	22185	22204
1281	21774	22774	22188	22207
1282	21777	22775	22193	22211
1283	21781	22778	22196	22214
1284	21783	22782	22199	22218
1285	21785	22786	22203	22221
1286	21787	22793	22206	22224
1287	21789	22800	22208	22228
1288	21793	22801	22212	22231
1289	21796	22805	22215	22235
1290	21799	22810	22219	22238
1291	21804	22815	22223	22242
1292	21809	22819	22226	22245
1293	21813	22822	22229	22248
1294	21815	22826	22232	22252
1295	21816	22829	22235	22255
1296	21820	22836	22239	22259
1297	21824	22842	22241	22262
1298	21827	22847	22245	22265
1299	21829	22854	22248	22269
1300	21832	22859	22252	22272
1301	21835	22864	22255	22276
1302	21837	22867	22259	22279
1303	21842	22870	22262	22283
1304	21845	22872	22265	22286
1305	21847	22873	22267	22290
1306	21851	22878	22270	22293
1307	21856	22882	22273	22296
1308	21859	22882	22276	22300
1309	21863	22882	22279	22303
1310	21870	22886	22282	22307
1311	21875	22892	22285	22310
1312	21880	22895	22289	22314
1313	21884	22900	22292	22317
1314	21889	22907	22297	22321
1315	21893	22912	22300	22324
1316	21896	22919	22303	22327
1317	21898	22923	22306	22331
1318	21902	22927	22309	22334
1319	21904	22930	22313	22338
1320	21905	22933	22316	22341
1321	21909	22938	22320	22345
1322	21914	22944	22324	22348
1323	21916	22949	22328	22352
1324	21920	22955	22331	22355
1325	21925	22959	22333	22358
1326	21930	22966	22337	22362
1327	21935	22966	22341	22365
1328	21937	22971	22344	22369
1329	21942	22976	22347	22372
1330	21944	22980	22350	22376
1331	21946	22986	22353	22379
1332	21949	22990	22356	22382
1333	21952	22997	22359	22386
1334	21955	23002	22363	22389
1335	21959	23004	22367	22393
1336	21965	23008	22370	22396
1337	21968	23012	22374	22399
1338	21972	23015	22377	22403
1339	21977	23018	22380	22406
1340	21979	23026	22384	22410
1341	21981	23029	22387	22413
1342	21985	23030	22390	22417
1343	21992	23034	22393	22420
1344	21994	23036	22396	22423
1345	22001	23038	22399	22427
1346	22004	23040	22402	22430
1347	22006	23042	22406	22433
1348	22009	23043	22408	22437
1349	22013	23046	22412	22440
1350	22017	23048	22415	22444
1351	22021	23050	22419	22447
1352	22023	23051	22421	22450
1353	22024	23054	22425	22454
1354	22026	23059	22428	22457
1355	22033	23063	22431	22461
1356	22038	23066	22435	22464
1357	22041	23072	22438	22467
1358	22046	23077	22442	22471
1359	22049	23080	22445	22474
1360	22051	23084	22448	22477
1361	22057	23087	22452	22481
1362	22062	23091	22456	22484
1363	22066	23092	22458	22488
1364	22071	23094	22461	22491
1365	22075	23097	22464	22495
1366	22079	23102	22467	22498
1367	22081	23106	22469	22502
1368	22086	23108	22473	22505
1369	22089	23113	22476	22508
1370	22091	23118	22481	22512
1371	22094	23121	22483	22515
1372	22098	23126	22486	22519
1373	22099	23134	22490	22522
1374	22101	23140	22494	22526
1375	22104	23145	22497	22529
1376	22107	23151	22500	22532
1377	22110	23155	22503	22536
1378	22114	23158	22508	22539
1379	22119	23161	22510	22543
1380	22122	23166	22514	22546
1381	22128	23168	22517	22549
1382	22133	23173	22521	22553
1383	22135	23176	22523	22556
1384	22139	23179	22527	22559
1385	22143	23183	22530	22563
1386	22146	23186	22534	22566
1387	22150	23189	22536	22569
1388	22153	23191	22540	22572
1389	22157	23194	22543	22576
1390	22160	23197	22546	22579
1391	22163	23201	22549	22582
1392	22166	23205	22553	22586
1393	22170	23209	22557	22589
1394	22173	23212	22560	22592
1395	22177	23216	22563	22595
1396	22179	23219	22566	22599
1397	22181	23224	22570	22602
1398	22182	23230	22574	22605
1399	22186	23235	22577	22609
1400	22189	23239	22580	22612
1401	22193	23245	22583	22615
1402	22198	23249	22586	22619
1403	22203	23253	22589	22622
1404	22208	23258	22592	22626
1405	22213	23264	22595	22629
1406	22217	23270	22599	22633
1407	22221	23273	22601	22636
1408	22224	23277	22605	22639
1409	22226	23282	22608	22643
1410	22229	23287	22612	22646
1411	22231	23293	22615	22650
1412	22235	23300	22618	22653
1413	22238	23303	22623	22657
1414	22243	23306	22627	22660
1415	22245	23309	22631	22664
1416	22250	23311	22634	22667
1417	22254	23313	22638	22671
1418	22256	23315	22641	22674
1419	22260	23316	22644	22677
1420	22262	23321	22647	22681
1421	22268	23325	22649	22684
1422	22271	23330	22653	22688
1423	22276	23334	22656	22691
1424	22280	23337	22660	22694
1425	22286	23341	22662	22698
1426	22288	23345	22666	22701
1427	22291	23348	22668	22704
1428	22294	23352	22671	22708
1429	22297	23355	22674	22711
1430	22300	23364	22677	22714
1431	22303	23369	22680	22718
1432	22306	23372	22683	22721
1433	22314	23376	22687	22724
1434	22318	23378	22689	22728
1435	22322	23382	22692	22731
1436	22328	23384	22695	22734
1437	22331	23389	22699	22738
1438	22332	23394	22703	22741
1439	22335	23398	22707	22744
1440	22338	23401	22710	22748
1441	22343	23407	22713	22751
1442	22349	23413	22715	22755
1443	22353	23417	22719	22758
1444	22357	23423	22722	22761
1445	22362	23428	22725	22765
1446	22366	23434	22729	22768
1447	22369	23437	22731	22772
1448	22372	23441	22734	22775
1449	22374	23444	22737	22778
1450	22381	23449	22741	22782
1451	22386	23453	22743	22785
1452	22387	23457	22746	22789
1453	22391	23460	22749	22792
1454	22396	23462	22751	22795
1455	22399	23465	22754	22799
1456	22401	23466	22758	22802
1457	22404	23470	22761	22806
1458	22406	23474	22765	22809
1459	22408	23477	22769	22813
1460	22410	23482	22773	22816
1461	22416	23484	22775	22819
1462	22421	23489	22778	22823
1463	22422	23492	22781	22826
1464	22426	23495	22784	22829
1465	22431	23498	22787	22833
1466	22433	23501	22791	22836
1467	22437	23502	22795	22839
1468	22443	23507	22798	22843
1469	22448	23509	22802	22846
1470	22452	23520	22805	22850
1471	22455	23527	22807	22853
1472	22456	23532	22811	22856
1473	22457	23534	22815	22860
1474	22461	23540	22818	22863
1475	22463	23541	22822	22866
1476	22464	23542	22825	22870
1477	22470	23549	22829	22873
1478	22473	23553	22831	22876
1479	22475	23559	22834	22880
1480	22476	23563	22837	22883
1481	22484	23569	22840	22887
1482	22490	23572	22843	22890
1483	22493	23575	22845	22893
1484	22500	23580	22848	22897
1485	22503	23585	22850	22900
1486	22506	23588	22854	22903
1487	22509	23593	22857	22907
1488	22513	23596	22860	22910
1489	22517	23597	22863	22913
1490	22520	23604	22866	22917
1491	22523	23608	22869	22920
1492	22527	23613	22872	22923
1493	22531	23616	22875	22927
1494	22535	23619	22879	22930
1495	22539	23622	22881	22934
1496	22544	23626	22883	22937
1497	22548	23629	22887	22940
1498	22550	23631	22890	22944
1499	22556	23634	22893	22947
1500	22557	23641	22896	22950
1501	22560	23643	22901	22955
1502	22566	23647	22906	22959
1503	22570	23649	22912	22964
1504	22573	23652	22916	22968
1505	22578	23653	22921	22972
1506	22583	23659	22925	22977
1507	22588	23664	22929	22981
1508	22592	23666	22934	22986
1509	22596	23671	22938	22990
1510	22600	23676	22942	22995
1511	22602	23682	22947	22999
1512	22608	23685	22952	23003
1513	22611	23688	22956	23008
1514	22615	23692	22961	23012
1515	22617	23699	22965	23017
1516	22623	23705	22969	23021
1517	22628	23708	22974	23026
1518	22632	23711	22978	23030
1519	22636	23712	22983	23034
1520	22640	23715	22988	23039
1521	22644	23721	22992	23043
1522	22647	23728	22997	23048
1523	22653	23731	23002	23053
1524	22657	23733	23006	23057
1525	22661	23738	23011	23062
1526	22665	23743	23015	23066
1527	22672	23746	23020	23071
1528	22675	23750	23024	23076
1529	22679	23754	23028	23080
1530	22683	23759	23032	23085
1531	22688	23765	23037	23089
1532	22694	23770	23042	23094
1533	22698	23775	23047	23099
1534	22701	23779	23052	23103
1535	22703	23784	23056	23108
1536	22709	23786	23061	23112
1537	22711	23788	23066	23117
1538	22714	23794	23070	23122
1539	22718	23796	23075	23126
1540	22722	23802	23080	23131
1541	22726	23805	23084	23135
1542	22729	23811	23089	23140
1543	22733	23815	23094	23145
1544	22736	23818	23099	23149
1545	22740	23825	23103	23154
1546	22746	23828	23108	23158
1547	22751	23831	23113	23163
1548	22758	23835	23119	23167
1549	22763	23839	23123	23172
1550	22766	23844	23129	23176
1551	22770	23847	23134	23181
1552	22774	23850	23138	23186
1553	22776	23857	23142	23190
1554	22778	23861	23146	23195
1555	22783	23866	23152	23199
1556	22784	23868	23157	23204
1557	22787	23871	23163	23208
1558	22791	23879	23166	23213
1559	22794	23883	23172	23217
1560	22797	23885	23176	23222
1561	22803	23887	23181	23227
1562	22807	23893	23186	23231
1563	22813	23900	23191	23236
1564	22821	23903	23194	23240
1565	22824	23905	23198	23245
1566	22826	23908	23203	23250
1567	22831	23910	23208	23254
1568	22837	23912	23212	23259
1569	22841	23916	23217	23263
1570	22843	23920	23223	23268
1571	22849	23925	23228	23273
1572	22851	23927	23234	23277
1573	22853	23930	23238	23282
1574	22858	23934	23244	23286
1575	22861	23940	23249	23291
1576	22865	23943	23254	23295
1577	22869	23948	23259	23300
1578	22874	23950	23264	23305
1579	22877	23955	23270	23309
1580	22880	23958	23275	23314
1581	22882	23960	23280	23318
1582	22887	23965	23283	23323
1583	22894	23970	23287	23328
1584	22899	23974	23291	23332
1585	22906	23975	23296	23337
1586	22912	23978	23301	23341
1587	22915	23984	23306	23346
1588	22917	23989	23310	23351
1589	22920	23991	23314	23355
1590	22923	23995	23319	23360
1591	22925	23999	23323	23364
1592	22930	24003	23328	23369
1593	22932	24006	23332	23374
1594	22935	24008	23337	23378
1595	22937	24011	23343	23383
1596	22943	24016	23347	23387
1597	22948	24020	23351	23392
1598	22954	24024	23355	23397
1599	22960	24027	23359	23401
1600	22962	24030	23363	23406
1601	22964	24032	23366	23410
1602	22968	24039	23372	23415
1603	22978	24040	23377	23419
1604	22986	24046	23382	23424
1605	22989	24051	23388	23429
1606	22992	24053	23393	23433
1607	22997	24057	23398	23438
1608	23001	24058	23403	23442
1609	23007	24064	23409	23447
1610	23011	24069	23414	23451
1611	23013	24076	23420	23456
1612	23016	24081	23425	23460
1613	23020	24087	23430	23465
1614	23023	24092	23436	23470
1615	23026	24096	23441	23474
1616	23031	24101	23445	23479
1617	23034	24107	23449	23483
1618	23038	24113	23455	23488
1619	23041	24118	23461	23492
1620	23047	24122	23465	23497
1621	23053	24131	23469	23501
1622	23057	24134	23473	23506
1623	23063	24137	23478	23510
1624	23066	24140	23482	23515
1625	23069	24144	23486	23519
1626	23075	24147	23491	23524
1627	23080	24150	23496	23528
1628	23085	24154	23501	23533
1629	23089	24157	23504	23537
1630	23095	24163	23507	23542
1631	23097	24165	23512	23546
1632	23103	24170	23517	23550
1633	23107	24173	23521	23555
1634	23110	24179	23526	23559
1635	23111	24183	23531	23564
1636	23118	24188	23535	23568
1637	23121	24195	23540	23573
1638	23122	24201	23545	23577
1639	23125	24210	23550	23582
1640	23127	24213	23554	23586
1641	23133	24217	23559	23591
1642	23137	24220	23565	23595
1643	23143	24225	23569	23600
1644	23149	24228	23574	23604
1645	23154	24231	23578	23609
1646	23160	24237	23582	23614
1647	23166	24239	23587	23618
1648	23172	24242	23593	23623
1649	23177	24246	23598	23627
1650	23181	24252	23602	23632
1651	23187	24259	23607	23636
1652	23193	24263	23612	23641
1653	23198	24272	23616	23646
1654	23202	24276	23621	23650
1655	23203	24279	23627	23655
1656	23205	24281	23632	23659
1657	23211	24285	23637	23664
1658	23212	24291	23643	23669
1659	23214	24295	23647	23673
1660	23217	24299	23652	23678
1661	23221	24304	23657	23682
1662	23224	24306	23662	23686
1663	23229	24306	23667	23691
1664	23232	24309	23670	23695
1665	23240	24313	23675	23700
1666	23244	24317	23680	23704
1667	23246	24321	23683	23709
1668	23252	24326	23687	23713
1669	23257	24332	23692	23717
1670	23259	24337	23697	23722
1671	23263	24340	23701	23726
1672	23267	24345	23706	23731
1673	23273	24348	23710	23735
1674	23275	24350	23713	23739
1675	23278	24355	23718	23744
1676	23281	24362	23722	23748
1677	23285	24370	23727	23753
1678	23287	24376	23731	23757
1679	23289	24383	23736	23761
1680	23293	24389	23740	23766
1681	23299	24393	23745	23770
1682	23306	24398	23748	23775
1683	23310	24400	23753	23779
1684	23313	24403	23758	23784
1685	23318	24407	23764	23788
1686	23320	24411	23769	23793
1687	23325	24414	23773	23797
1688	23329	24417	23778	23802
1689	23333	24422	23782	23806
1690	23336	24426	23787	23811
1691	23338	24429	23792	23815
1692	23343	24434	23797	23820
1693	23348	24439	23802	23825
1694	23350	24445	23805	23829
1695	23355	24450	23810	23834
1696	23359	24454	23814	23838
1697	23363	24458	23819	23843
1698	23369	24461	23824	23847
1699	23371	24464	23829	23852
1700	23373	24471	23833	23856
1701	23383	24473	23837	23861
1702	23386	24477	23842	23865
1703	23390	24479	23846	23870
1704	23393	24485	23851	23874
1705	23401	24489	23856	23879
1706	23407	24494	23862	23884
1707	23412	24498	23867	23888
1708	23418	24499	23873	23893
1709	23422	24504	23876	23897
1710	23426	24506	23880	23902
1711	23430	24510	23885	23906
1712	23435	24516	23889	23911
1713	23439	24523	23893	23916
1714	23442	24526	23898	23920
1715	23446	24527	23903	23925
1716	23451	24533	23908	23929
1717	23455	24537	23913	23934
1718	23459	24543	23918	23938
1719	23462	24548	23922	23943
1720	23466	24554	23928	23947
1721	23471	24555	23932	23952
1722	23479	24556	23936	23956
1723	23484	24558	23941	23961
1724	23491	24568	23945	23965
1725	23497	24573	23949	23970
1726	23501	24577	23953	23974
1727	23505	24585	23957	23979
1728	23508	24592	23962	23983
1729	23511	24596	23967	23988
1730	23516	24598	23971	23992
1731	23520	24602	23976	23997
1732	23525	24607	23981	24001
1733	23529	24612	23985	24006
1734	23531	24617	23989	24010
1735	23534	24625	23994	24015
1736	23537	24631	23998	24019
1737	23540	24635	24002	24024
1738	23543	24638	24007	24028
1739	23546	24644	24013	24033
1740	23552	24647	24017	24037
1741	23556	24648	24022	24042
1742	23563	24654	24027	24046
1743	23567	24659	24031	24051
1744	23573	24662	24037	24055
1745	23576	24665	24041	24060
1746	23579	24668	24045	24064
1747	23584	24672	24049	24069
1748	23587	24675	24055	24073
1749	23590	24680	24058	24077
1750	23598	24683	24063	24082
1751	23604	24685	24069	24086
1752	23606	24689	24075	24091
1753	23611	24692	24080	24095
1754	23614	24697	24084	24100
1755	23616	24699	24089	24104
1756	23618	24702	24092	24109
1757	23621	24704	24096	24113
1758	23622	24707	24100	24117
1759	23626	24712	24105	24122
1760	23628	24719	24110	24126
1761	23634	24722	24114	24131
1762	23641	24727	24118	24135
1763	23647	24731	24122	24140
1764	23653	24736	24127	24144
1765	23660	24739	24131	24149
1766	23666	24744	24136	24153
1767	23670	24747	24140	24158
1768	23673	24751	24144	24162
1769	23678	24756	24148	24166
1770	23680	24762	24152	24171
1771	23686	24767	24157	24175
1772	23691	24771	24160	24180
1773	23694	24773	24165	24184
1774	23696	24777	24170	24189
1775	23701	24782	24175	24193
1776	23703	24789	24180	24198
1777	23708	24794	24185	24202
1778	23712	24798	24189	24207
1779	23714	24806	24193	24211
1780	23717	24810	24197	24215
1781	23721	24816	24201	24220
1782	23728	24820	24207	24225
1783	23735	24823	24211	24229
1784	23738	24827	24216	24234
1785	23743	24830	24221	24238
1786	23749	24835	24225	24243
1787	23753	24838	24229	24247
1788	23757	24842	24234	24252
1789	23760	24843	24237	24256
1790	23766	24847	24242	24261
1791	23772	24851	24247	24265
1792	23776	24857	24252	24270
1793	23778	24864	24257	24274
1794	23780	24868	24262	24279
1795	23784	24870	24266	24284
1796	23787	24878	24271	24288
1797	23789	24880	24276	24293
1798	23792	24883	24280	24297
1799	23794	24894	24284	24302
1800	23798	24897	24288	24306
1801	23803	24903	24292	24311
1802	23811	24906	24296	24315
1803	23817	24911	24300	24320
1804	23824	24914	24306	24325
1805	23830	24918	24310	24329
1806	23833	24919	24315	24334
1807	23838	24921	24320	24338
1808	23844	24925	24326	24343
1809	23849	24928	24330	24347
1810	23853	24930	24334	24352
1811	23857	24931	24339	24357
1812	23863	24934	24344	24361
1813	23871	24943	24348	24366
1814	23873	24946	24353	24370
1815	23877	24951	24359	24375
1816	23882	24955	24363	24379
1817	23889	24960	24369	24384
1818	23892	24966	24374	24389
1819	23897	24973	24379	24393
1820	23901	24977	24385	24398
1821	23910	24980	24389	24402
1822	23916	24982	24394	24407
1823	23923	24983	24399	24411
1824	23930	24986	24405	24416
1825	23935	24991	24409	24420
1826	23942	24998	24414	24425
1827	23948	25002	24417	24429
1828	23954	25005	24422	24434
1829	23963	25009	24426	24438
1830	23967	25014	24430	24443
1831	23975	25017	24435	24447
1832	23980	25019	24441	24452
1833	23984	25023	24446	24456
1834	23989	25028	24450	24461
1835	23993	25031	24455	24465
1836	23998	25036	24460	24470
1837	24003	25042	24464	24474
1838	24007	25048	24469	24479
1839	24010	25054	24474	24483
1840	24013	25058	24478	24488
1841	24022	25065	24482	24492
1842	24025	25069	24486	24497
1843	24030	25074	24490	24501
1844	24036	25078	24493	24506
1845	24038	25084	24497	24510
1846	24040	25088	24501	24515
1847	24045	25093	24505	24519
1848	24050	25096	24510	24524
1849	24056	25100	24515	24528
1850	24060	25105	24519	24533
1851	24064	25110	24522	24537
1852	24071	25115	24527	24542
1853	24077	25120	24531	24546
1854	24082	25122	24535	24551
1855	24087	25123	24541	24555
1856	24090	25125	24545	24560
1857	24096	25126	24549	24565
1858	24100	25133	24554	24569
1859	24103	25137	24557	24574
1860	24108	25142	24562	24578
1861	24112	25144	24567	24583
1862	24121	25148	24570	24587
1863	24126	25151	24575	24592
1864	24131	25157	24579	24596
1865	24134	25159	24583	24601
1866	24140	25164	24587	24605
1867	24143	25172	24591	24610
1868	24149	25175	24595	24615
1869	24154	25183	24601	24619
1870	24158	25189	24605	24624
1871	24164	25196	24610	24628
1872	24169	25201	24615	24633
1873	24174	25207	24620	24637
1874	24178	25211	24624	24642
1875	24182	25216	24629	24647
1876	24186	25220	24634	24651
1877	24192	25226	24638	24656
1878	24197	25227	24642	24660
1879	24200	25233	24647	24665
1880	24203	25239	24651	24669
1881	24210	25243	24656	24674
1882	24213	25246	24659	24678
1883	24223	25250	24663	24683
1884	24229	25255	24669	24687
1885	24233	25259	24672	24692
1886	24240	25264	24675	24696
1887	24246	25268	24681	24701
1888	24251	25271	24685	24705
1889	24254	25277	24690	24710
1890	24260	25282	24694	24714
1891	24262	25287	24698	24718
1892	24269	25290	24703	24723
1893	24273	25294	24707	24727
1894	24279	25298	24711	24732
1895	24283	25302	24718	24736
1896	24285	25307	24722	24741
1897	24289	25312	24726	24745
1898	24293	25317	24730	24750
1899	24295	25324	24734	24754
1900	24300	25330	24740	24759
1901	24304	25334	24744	24763
1902	24307	25335	24749	24768
1903	24318	25340	24753	24772
1904	24323	25342	24757	24776
1905	24328	25345	24761	24781
1906	24332	25348	24765	24785
1907	24340	25349	24768	24790
1908	24346	25353	24772	24794
1909	24348	25355	24776	24799
1910	24353	25359	24780	24803
1911	24359	25363	24783	24808
1912	24363	25365	24788	24812
1913	24367	25369	24792	24817
1914	24371	25372	24795	24821
1915	24376	25377	24800	24826
1916	24382	25383	24805	24830
1917	24388	25387	24809	24835
1918	24392	25392	24814	24839
1919	24398	25398	24817	24844
1920	24405	25404	24822	24848
1921	24410	25408	24828	24853
1922	24416	25410	24832	24857
1923	24424	25412	24837	24862
1924	24432	25414	24841	24867
1925	24436	25415	24846	24871
1926	24444	25420	24850	24876
1927	24449	25424	24855	24880
1928	24455	25427	24860	24885
1929	24458	25432	24866	24890
1930	24462	25434	24870	24894
1931	24465	25439	24874	24899
1932	24471	25445	24878	24904
1933	24475	25451	24884	24908
1934	24479	25456	24887	24913
1935	24482	25459	24890	24917
1936	24485	25465	24895	24922
1937	24490	25471	24899	24927
1938	24493	25477	24903	24931
1939	24497	25480	24907	24936
1940	24499	25483	24912	24941
1941	24510	25486	24917	24945
1942	24518	25489	24922	24950
1943	24524	25494	24927	24955
1944	24529	25496	24931	24959
1945	24536	25500	24936	24964
1946	24543	25506	24940	24968
1947	24547	25508	24945	24973
1948	24551	25511	24948	24978
1949	24558	25515	24954	24982
1950	24563	25518	24959	24987
1951	24570	25522	24963	24992
1952	24575	25530	24968	24996
1953	24577	25533	24972	25001
1954	24583	25535	24977	25006
1955	24586	25542	24982	25010
1956	24589	25546	24988	25015
1957	24593	25551	24992	25020
1958	24597	25555	24996	25024
1959	24601	25559	25000	25029
1960	24605	25567	25004	25034
1961	24614	25569	25009	25038
1962	24621	25572	25012	25043
1963	24628	25576	25016	25047
1964	24634	25580	25020	25052
1965	24642	25581	25024	25056
1966	24648	25582	25028	25060
1967	24653	25588	25033	25065
1968	24658	25591	25037	25069
1969	24667	25597	25042	25074
1970	24671	25599	25046	25078
1971	24676	25605	25050	25083
1972	24682	25612	25055	25087
1973	24688	25615	25059	25092
1974	24692	25619	25063	25096
1975	24695	25624	25067	25101
1976	24699	25628	25073	25105
1977	24705	25633	25078	25110
1978	24708	25637	25083	25114
1979	24709	25640	25087	25119
1980	24713	25644	25091	25123
1981	24722	25647	25095	25128
1982	24731	25652	25099	25133
1983	24738	25657	25103	25138
1984	24746	25661	25108	25143
1985	24752	25665	25112	25148
1986	24758	25670	25117	25153
1987	24764	25677	25122	25158
1988	24770	25680	25127	25162
1989	24774	25682	25132	25167
1990	24776	25686	25136	25172
1991	24779	25694	25141	25177
1992	24784	25697	25147	25182
1993	24790	25704	25151	25187
1994	24794	25714	25156	25192
1995	24801	25720	25161	25197
1996	24804	25725	25167	25202
1997	24806	25731	25172	25207
1998	24812	25736	25178	25211
1999	24815	25744	25182	25216
2000	24821	25752	25187	25221
2001	24827	25756	25192	25227
2002	24834	25763	25198	25233
2003	24839	25769	25203	25239
2004	24845	25774	25209	25245
2005	24851	25778	25215	25251
2006	24855	25784	25221	25256
2007	24861	25788	25227	25262
2008	24866	25795	25234	25268
2009	24875	25805	25240	25274
2010	24880	25808	25246	25280
2011	24884	25815	25252	25286
2012	24888	25822	25258	25292
2013	24892	25828	25264	25297
2014	24895	25835	25270	25303
2015	24898	25844	25275	25309
2016	24900	25852	25281	25315
2017	24905	25860	25287	25321
2018	24911	25869	25292	25327
2019	24914	25878	25298	25333
2020	24918	25889	25304	25338
2021	24926	25893	25310	25344
2022	24930	25896	25316	25350
2023	24936	25900	25322	25356
2024	24941	25905	25328	25362
2025	24948	25915	25334	25368
2026	24954	25923	25340	25374
2027	24962	25929	25346	25379
2028	24969	25934	25351	25385
2029	24976	25938	25357	25391
2030	24984	25946	25362	25397
2031	24989	25951	25366	25403
2032	24994	25954	25372	25409
2033	24999	25960	25377	25415
2034	25002	25967	25382	25420
2035	25005	25975	25389	25426
2036	25011	25985	25395	25432
2037	25014	25998	25401	25438
2038	25019	26003	25407	25444
2039	25022	26013	25413	25450
2040	25028	26019	25419	25456
2041	25036	26024	25423	25461
2042	25043	26028	25429	25467
2043	25052	26033	25435	25473
2044	25059	26040	25440	25478
2045	25067	26044	25447	25484
2046	25071	26048	25453	25490
2047	25079	26057	25459	25495
2048	25082	26063	25465	25501
2049	25090	26070	25471	25507
2050	25097	26073	25477	25512
2051	25103	26082	25483	25518
2052	25106	26089	25490	25524
2053	25111	26095	25497	25530
2054	25117	26102	25504	25535
2055	25120	26108	25510	25541
2056	25125	26114	25517	25547
2057	25130	26120	25523	25552
2058	25134	26129	25529	25558
2059	25137	26134	25534	25564
2060	25140	26139	25540	25569
2061	25150	26147	25545	25575
2062	25165	26151	25550	25582
2063	25172	26158	25555	25588
2064	25179	26163	25562	25594
2065	25186	26168	25568	25600
2066	25195	26171	25573	25606
2067	25203	26179	25580	25612
2068	25210	26185	25586	25618
2069	25216	26189	25591	25624
2070	25224	26193	25597	25630
2071	25230	26199	25603	25636
2072	25235	26205	25609	25642
2073	25240	26215	25616	25648
2074	25244	26220	25621	25654
2075	25248	26225	25627	25660
2076	25252	26232	25634	25666
2077	25256	26241	25641	25672
2078	25261	26251	25647	25678
2079	25263	26258	25653	25684
2080	25268	26265	25659	25690
2081	25278	26269	25665	25696
2082	25286	26273	25670	25702
2083	25292	26279	25676	25708
2084	25301	26284	25682	25714
2085	25307	26286	25687	25720
2086	25313	26289	25693	25727
2087	25318	26293	25699	25733
2088	25325	26298	25705	25739
2089	25331	26303	25709	25745
2090	25336	26308	25717	25751
2091	25342	26318	25723	25757
2092	25347	26325	25728	25763
2093	25351	26330	25734	25769
2094	25357	26336	25741	25775
2095	25363	26345	25746	25781
2096	25368	26356	25753	25787
2097	25374	26365	25758	25793
2098	25380	26372	25763	25799
2099	25382	26375	25769	25805
2100	25385	26379	25775	25811
2101	25399	26386	25785	25819
2102	25410	26390	25794	25828
2103	25416	26395	25803	25836
2104	25427	26402	25813	25844
2105	25436	26411	25823	25853
2106	25445	26415	25832	25861
2107	25454	26418	25840	25869
2108	25463	26427	25848	25878
2109	25472	26435	25856	25886
2110	25482	26440	25864	25894
2111	25488	26446	25873	25903
2112	25496	26457	25882	25911
2113	25501	26469	25891	25919
2114	25506	26477	25899	25928
2115	25511	26489	25907	25936
2116	25517	26498	25915	25944
2117	25522	26506	25924	25953
2118	25526	26515	25933	25961
2119	25529	26528	25941	25969
2120	25534	26539	25950	25978
2121	25543	26546	25958	25986
2122	25555	26551	25966	25995
2123	25566	26558	25975	26003
2124	25575	26562	25985	26012
2125	25585	26567	25995	26020
2126	25592	26574	26004	26029
2127	25596	26586	26014	26037
2128	25602	26594	26022	26046
2129	25607	26601	26032	26054
2130	25615	26611	26041	26063
2131	25621	26618	26051	26071
2132	25625	26625	26059	26079
2133	25633	26631	26070	26088
2134	25637	26640	26079	26096
2135	25644	26652	26087	26105
2136	25648	26665	26095	26113
2137	25650	26676	26105	26122
2138	25655	26689	26115	26130
2139	25661	26696	26124	26139
2140	25664	26709	26132	26147
2141	25676	26717	26141	26156
2142	25688	26726	26151	26164
2143	25697	26732	26159	26172
2144	25704	26736	26168	26181
2145	25711	26742	26178	26189
2146	25722	26747	26186	26197
2147	25727	26751	26194	26206
2148	25733	26758	26204	26214
2149	25742	26764	26213	26223
2150	25751	26770	26221	26231
2151	25755	26777	26227	26239
2152	25762	26784	26237	26248
2153	25769	26793	26246	26256
2154	25773	26799	26253	26265
2155	25778	26810	26262	26273
2156	25780	26818	26271	26281
2157	25788	26827	26280	26290
2158	25793	26840	26289	26298
2159	25796	26849	26300	26306
2160	25799	26867	26309	26315
2161	25814	26870	26317	26323
2162	25829	26878	26325	26331
2163	25836	26880	26333	26340
2164	25844	26888	26342	26348
2165	25851	26893	26349	26356
2166	25861	26900	26357	26365
2167	25869	26905	26367	26373
2168	25878	26911	26375	26381
2169	25887	26918	26384	26389
2170	25894	26927	26393	26398
2171	25901	26936	26403	26406
2172	25909	26947	26412	26414
2173	25912	26954	26420	26423
2174	25918	26960	26430	26431
2175	25926	26968	26438	26439
2176	25930	26979	26449	26448
2177	25936	26990	26456	26456
2178	25939	27003	26464	26464
2179	25943	27016	26472	26472
2180	25945	27024	26479	26481
2181	25956	27030	26490	26490
2182	25965	27038	26500	26499
2183	25976	27045	26509	26508
2184	25983	27055	26519	26517
2185	25989	27061	26530	26526
2186	25999	27069	26543	26535
2187	26006	27075	26552	26544
2188	26012	27082	26562	26553
2189	26020	27091	26573	26562
2190	26026	27103	26582	26571
2191	26037	27110	26591	26580
2192	26044	27120	26601	26589
2193	26051	27128	26608	26598
2194	26058	27138	26620	26607
2195	26061	27150	26631	26616
2196	26066	27165	26638	26625
2197	26071	27179	26650	26634
2198	26074	27193	26659	26643
2199	26079	27211	26667	26652
2200	26084	27228	26675	26661
2201	26092	27236	26684	26671
2202	26101	27243	26695	26681
2203	26106	27252	26706	26691
2204	26117	27264	26716	26700
2205	26124	27271	26725	26710
2206	26135	27283	26734	26720
2207	26140	27300	26744	26730
2208	26149	27317	26753	26739
2209	26153	27333	26762	26749
2210	26159	27346	26771	26759
2211	26163	27359	26782	26768
2212	26168	27373	26791	26778
2213	26172	27389	26801	26788
2214	26177	27405	26812	26798
2215	26181	27420	26819	26807
2216	26186	27436	26828	26817
2217	26193	27446	26836	26827
2218	26197	27472	26846	26836
2219	26200	27492	26855	26846
2220	26202	27518	26865	26856
2221	26212	27524	26876	26866
2222	26220	27531	26886	26876
2223	26225	27542	26896	26886
2224	26230	27553	26907	26896
2225	26236	27563	26917	26906
2226	26241	27573	26928	26916
2227	26246	27587	26938	26926
2228	26252	27604	26948	26936
2229	26255	27617	26960	26946
2230	26259	27634	26972	26955
2231	26263	27650	26981	26965
2232	26267	27670	26992	26975
2233	26272	27681	27002	26985
2234	26278	27700	27012	26995
2235	26281	27714	27019	27005
2236	26286	27735	27029	27015
2237	26293	27753	27038	27025
2238	26301	27773	27049	27035
2239	26304	27791	27056	27045
2240	26307	27807	27065	27055
2241	26313	27814	27076	27065
2242	26319	27822	27089	27075
2243	26328	27829	27099	27085
2244	26334	27838	27108	27095
2245	26339	27844	27119	27105
2246	26345	27854	27129	27115
2247	26350	27863	27139	27125
2248	26354	27880	27149	27135
2249	26358	27889	27158	27146
2250	26367	27895	27167	27156
2251	26378	27909	27177	27166
2252	26384	27917	27185	27176
2253	26392	27939	27197	27186
2254	26397	27952	27208	27196
2255	26400	27964	27215	27206
2256	26406	27976	27223	27216
2257	26414	27990	27232	27226
2258	26418	27998	27241	27236
2259	26421	28021	27253	27246
2260	26423	28034	27263	27256
2261	26427	28041	27273	27266
2262	26432	28052	27281	27276
2263	26436	28063	27290	27286
2264	26444	28078	27299	27295
2265	26448	28089	27307	27305
2266	26450	28101	27315	27315
2267	26461	28112	27323	27325
2268	26468	28115	27330	27335
2269	26474	28124	27339	27345
2270	26480	28136	27349	27354
2271	26486	28145	27358	27364
2272	26491	28159	27364	27374
2273	26497	28173	27374	27384
2274	26503	28186	27384	27394
2275	26509	28197	27393	27404
2276	26513	28217	27402	27413
2277	26517	28228	27410	27423
2278	26522	28245	27419	27433
2279	26526	28257	27430	27443
2280	26530	28271	27438	27453
2281	26537	28279	27445	27460
2282	26543	28285	27451	27466
2283	26551	28291	27459	27473
2284	26556	28295	27466	27480
2285	26562	28302	27474	27487
2286	26569	28310	27480	27494
2287	26573	28315	27487	27501
2288	26578	28321	27494	27507
2289	26583	28327	27501	27514
2290	26590	28338	27509	27521
2291	26599	28349	27517	27528
2292	26603	28356	27525	27535
2293	26605	28363	27533	27542
2294	26612	28374	27540	27549
2295	26615	28384	27548	27555
2296	26620	28399	27555	27562
2297	26623	28408	27561	27569
2298	26625	28413	27570	27576
2299	26627	28428	27576	27583
2300	26632	28437	27581	27590
2301	26638	28440	27588	27596
2302	26642	28448	27594	27602
2303	26652	28452	27600	27609
2304	26663	28460	27607	27615
2305	26666	28469	27614	27621
2306	26676	28473	27618	27628
2307	26685	28481	27623	27634
2308	26691	28488	27633	27640
2309	26695	28499	27638	27647
2310	26702	28502	27644	27653
2311	26705	28508	27650	27659
2312	26709	28522	27656	27666
2313	26717	28538	27663	27672
2314	26721	28550	27669	27678
2315	26724	28558	27675	27685
2316	26730	28567	27680	27691
2317	26736	28578	27686	27698
2318	26741	28591	27692	27704
2319	26747	28606	27698	27710
2320	26748	28610	27704	27717
2321	26751	28614	27711	27723
2322	26766	28623	27718	27729
2323	26769	28628	27723	27736
2324	26771	28633	27729	27742
2325	26772	28640	27735	27748
2326	26782	28643	27743	27755
2327	26789	28652	27749	27761
2328	26796	28660	27756	27767
2329	26801	28664	27762	27774
2330	26804	28676	27770	27780
2331	26806	28683	27776	27786
2332	26809	28687	27782	27793
2333	26812	28694	27788	27799
2334	26815	28701	27793	27805
2335	26817	28710	27801	27812
2336	26821	28722	27806	27818
2337	26826	28729	27813	27824
2338	26829	28737	27818	27831
2339	26834	28744	27827	27837
2340	26837	28749	27831	27843
2341	26844	28755	27837	27850
2342	26848	28758	27843	27856
2343	26856	28763	27850	27862
2344	26863	28771	27856	27869
2345	26869	28777	27862	27875
2346	26876	28783	27868	27881
2347	26884	28796	27873	27888
2348	26888	28804	27881	27894
2349	26896	28816	27887	27900
2350	26901	28824	27895	27907
2351	26906	28826	27899	27913
2352	26910	28833	27906	27919
2353	26914	28840	27914	27926
2354	26920	28851	27920	27932
2355	26927	28857	27927	27938
2356	26931	28867	27933	27945
2357	26935	28876	27938	27951
2358	26941	28888	27943	27957
2359	26946	28905	27949	27964
2360	26950	28914	27955	27970
2361	26955	28922	27961	27976
2362	26962	28928	27965	27982
2363	26969	28934	27971	27988
2364	26975	28938	27976	27995
2365	26978	28945	27984	28001
2366	26983	28951	27989	28007
2367	26991	28960	27995	28013
2368	26996	28967	28001	28019
2369	27005	28977	28007	28025
2370	27009	28983	28013	28032
2371	27015	28991	28018	28038
2372	27023	29001	28022	28044
2373	27026	29016	28028	28050
2374	27029	29022	28035	28056
2375	27038	29033	28041	28062
2376	27042	29042	28047	28069
2377	27046	29048	28051	28075
2378	27053	29060	28056	28081
2379	27057	29073	28063	28087
2380	27061	29082	28070	28093
2381	27066	29085	28074	28099
2382	27071	29090	28078	28105
2383	27082	29097	28083	28110
2384	27087	29101	28088	28116
2385	27090	29107	28091	28122
2386	27099	29118	28098	28127
2387	27107	29128	28105	28133
2388	27113	29133	28110	28139
2389	27122	29140	28117	28145
2390	27125	29147	28124	28150
2391	27131	29156	28130	28156
2392	27136	29166	28137	28162
2393	27138	29170	28142	28168
2394	27141	29175	28147	28173
2395	27144	29180	28155	28179
2396	27151	29189	28163	28185
2397	27157	29197	28168	28190
2398	27161	29205	28173	28196
2399	27167	29212	28178	28202
2400	27171	29220	28183	28208
2401	27179	29224	28188	28213
2402	27186	29229	28194	28218
2403	27189	29232	28200	28223
2404	27198	29235	28205	28228
2405	27202	29243	28210	28233
2406	27211	29254	28216	28238
2407	27216	29263	28221	28243
2408	27221	29263	28225	28249
2409	27227	29271	28230	28254
2410	27230	29276	28233	28259
2411	27233	29280	28239	28264
2412	27235	29284	28247	28269
2413	27238	29290	28254	28274
