-: limite inf‚rieure
+: limite sup‚rieure
Temp en 1/10 degres
Prec en mm
anomalies
    TJAN-TJAN TJAN+TJUL-TJUL TJUL+TANN-TANN TANN+PJAN-PJAN PJAN+PJUL-PJUL PJUL+PANN-PANN PANN+
  55   -5    0    6   -6    0    6   -6    0    7   -5    0    6   -4    0    4  -67    0   41
  65  -12    5   41  -24  -14    2  -17   -4    7  -14   11   86  -25   -1    7 -292 -111  119
  75   -3   21   43  -30  -19   -1   -9    1   14  -12   13   37  -14   -1   13 -240 -113   44
  85    5   28   44  -31  -21   -5   -6    3   13    1   28   97  -22   -4   13 -194  -58  228
  95  -47  -25   20  -43  -27  -13  -27  -11    1  -38  -13   45  -11   -1   28 -436 -268   18
 105  -19    3   32  -41  -26  -11  -17   -8    4  -18   12   64   -9    6   16 -288 -120  269
 115  -57  -25   -5  -29  -20   11  -34  -20    0  -38  -20    2  -16    4   24 -452 -270  -72
 125  -37  -30  -20  -28  -18   -7  -23  -17   -3  -41  -33  -18   -7   10   32 -425 -332 -107
 135  -40  -32  -22  -23  -14   -2  -28  -21  -15  -41  -36  -29  -15    8   26 -443 -360 -244
 145  -30   10   25  -37  -27  -19  -17   -8   -2  -27   16   42   -4    7   15 -371  -89   59
 155    3   19   35  -41  -28  -18   -7   -5    1  -12   17   33   -5    6   16 -307  -87   20
 165  -36   -9   14  -25  -18   -1  -26  -13   -6  -39   -7   17   -5    6   27 -388 -206  -66
 175  -37    9   34  -47  -31  -20  -32  -11    1  -16    5   26   -8    7   21 -344 -148  -13
 185    3   17   34  -40  -31  -22  -15   -8    0  -11   13   30   -5    4   12 -301 -121   14
 195   15   27   35  -41  -30  -22   -8   -2    5  -21    3   24  -17   -2   13 -418 -205  -31
 205    0   25   41  -48  -35  -25  -19   -6    2  -11   14   20   -1    5    9 -272 -131  -89
 215   16   27   36  -39  -28  -22   -7   -2    5  -22    4   23  -14   -1   10 -421 -210  -52
 225   17   28   38  -44  -33  -24   -8   -3    4   -9   15   25   -6    5   17 -304 -123  -34
 235   21   32   46  -46  -37  -31  -11   -3    3   18   31   74    5   12   31 -105    1  354
 245  -10   22   41  -48  -36  -20  -27   -9    2  -33   15   24    4    8   12 -416 -116  -52
 255   -1   23   45  -44  -36  -22  -17   -8    5  -25   11   19    3    6    8 -351 -154 -107
 265  -76  -29   11  -76  -47  -31  -67  -41  -20  -36  -16    8   -8   11   38 -550 -284 -203
 275 -193 -142 -100  -36  -23  -11 -105  -75  -52  -62  -59  -50  -16  -11   -7 -622 -604 -557
 285 -189 -134  -86  -52  -30  -18 -101  -70  -46  -66  -42    3  -10   -1   14 -662 -450 -111
 295 -203 -161 -120  -42  -28   -2 -120  -88  -62  -63  -56  -44  -13   -8   -1 -640 -578 -473
 305 -253 -194 -139  -72  -40  -21 -132 -103  -75  -84  -62  -29  -15   10   27 -786 -619 -343
 310 -214 -152 -110  -38  -25  -11 -109  -85  -66  -58  -37   -9  -60  -33   -5 -619 -532 -414
 452 -152 -119  -58  -80  -44  -16  -83  -71  -35  -38   -9    9  -70  -63  -34 -633 -419 -294
 454 -263 -198 -135  -88  -48  -33 -130 -101  -75  -41  -23    5  -71  -66  -36 -692 -543 -384
 462 -268 -210 -197  -48  -48  -48 -132 -103  -95  -35  -25    4  -73  -69  -67 -677 -564 -413
 465 -273 -213 -174 -122  -82  -54 -123 -102  -65  -48  -32   -1  -72  -69  -39 -733 -630 -403
 486 -269 -211 -141  -82  -66  -41 -133  -97  -55  -74  -40    0  -66  -40   -7 -777 -598 -317
 504 -277 -221 -154  -72  -57  -34 -138 -107  -75  -41  -16   24  -69  -59  -24 -630 -477 -233
 522 -248 -195 -119  -93  -54  -24 -125 -100  -61  -23  -12   11  -69  -67  -59 -519 -451 -311
 537 -239 -170  -89  -83  -48  -23 -121  -90  -44  -35  -18    5  -72  -68  -67 -631 -496 -340
 552 -274 -198 -122  -98  -54  -34 -137  -98  -53  -32   -3   20  -68  -65  -27 -561 -388 -251
 558 -277 -226 -152  -54  -42  -26 -138 -113  -80  -32  -14    7  -71  -68  -66 -602 -464 -334
 564 -248 -179 -101  -66  -33   -6 -123  -94  -62  -30  -18    4  -69  -66  -26 -560 -485 -350
 569 -249 -194 -152  -33  -26  -11 -138  -98  -82  -45  -20    3  -67  -60  -18 -585 -479 -281
 571 -269 -212 -173  -30  -25  -11 -130 -103  -82  -27  -18   18  -69  -67  -60 -587 -495 -349
 576 -254 -200 -140  -44  -29  -19 -125  -96  -61  -74  -51  -16  -47  -23    6 -734 -621 -448
 591 -253 -200 -146  -34  -29  -11 -138  -96  -76  -74  -58  -28  -38  -14   10 -742 -656 -498
 612 -219 -164 -118  -32  -29  -20 -106  -77  -52  -65  -57  -13  -39  -14  -10 -670 -614 -346
 630 -241 -191 -138  -33  -31  -29 -115  -90  -63  -77  -58  -21  -39  -13   12 -756 -652 -470
 632 -268 -203 -113  -86  -44  -30 -130 -101  -64  -82  -59  -14   -9   11   29 -750 -606 -240
 634 -234 -166 -106  -46  -37  -22 -120  -97  -77  -60  -46   12  -31   -4    7 -622 -529 -139
 640 -196 -140 -104  -37  -32  -21  -89  -64  -40  -66  -58  -34  -20  -13  -10 -674 -619 -369
 648 -250 -163 -111  -47  -35  -20 -122  -86  -65  -67  -35   -7  -68  -42   -2 -655 -541 -278
 660 -271 -212 -175  -38  -31  -14 -132 -104  -89  -45   -9   18  -68  -56  -20 -611 -415 -265
 672 -275 -221 -131 -105  -63  -32 -136 -106  -57  -42  -11   17  -70  -63  -29 -653 -457 -276
 681 -211 -125  -65  -70  -42  -10 -102  -76  -26  -58  -41  -15  -41  -13   12 -611 -502 -253
 689 -153 -118  -98  -46  -41  -31  -86  -78  -68  -53  -33   -6  -65  -36   -7 -588 -513 -363
 693 -242 -174 -108  -40  -32  -11 -121  -90  -59  -57  -32   17  -68  -39  -14 -707 -527 -344
 704 -269 -211 -127  -40  -33  -28 -131 -104  -66  -84  -48   -8  -47  -17   26 -781 -613 -391
 710 -236 -193  -98  -34  -27  -12 -121  -98  -69  -45  -24   11  -68  -52  -15 -612 -502 -306
 716 -270 -211 -179  -29  -24  -11 -131 -104  -90  -39  -24    3  -69  -62  -30 -615 -526 -361
 722 -251 -197 -131  -40  -30  -24 -123  -93  -55  -71  -41   -9  -66  -37   -1 -724 -590 -416
 731 -206 -175 -102  -31  -27  -11  -98  -82  -41  -61  -35    9  -60  -36  -10 -675 -547 -283
 740 -201 -153  -88  -30  -17    5 -126  -83  -61  -58  -37  -11  -58  -27   -1 -587 -500 -100
 752 -204 -151 -113  -36  -17  -12 -107  -83  -65  -32  -19    7  -68  -59  -29 -549 -470 -327
 764 -278 -196 -165  -23  -14    7 -138  -98  -85  -60  -27   -6  -67  -55  -10 -640 -526 -349
 779 -235 -193  -95  -37  -23  -14 -114  -92  -40  -70  -35    2  -64  -39    0 -725 -559 -350
 794 -195 -125  -66  -40  -29  -17  -94  -72  -43  -43  -28  -18  -68  -56  -24 -557 -528 -383
 800 -196 -145 -102  -32  -23  -11  -97  -74  -50  -64  -48  -25  -53  -23   -8 -700 -584 -481
 809 -160 -123 -109  -51  -33  -18  -99  -80  -69  -59  -53  -49  -20   -8   -2 -612 -582 -538
 818 -119 -106  -81  -40  -30  -19  -81  -72  -62  -53  -38   -6  -59  -26   -4 -564 -512 -113
 833 -234 -140 -108  -47  -26   -6 -117  -81  -69  -34  -20   13  -68  -56  -22 -545 -474 -297
 851 -229 -164 -104  -48  -24    8 -111  -86  -63  -61  -32  -10  -65  -47   -7 -704 -536 -426
 869 -270 -219 -180  -24  -24  -24 -133 -107  -89  -69  -39  -11  -64  -41   -3 -708 -582 -414
 887 -222 -124  -36  -86  -48  -26 -117  -79  -28  -63  -19   31  -24    9   43 -563 -285  118
 902 -204 -151 -119  -42  -28   -4 -123  -88  -69  -58  -45  -21  -37   -9    3 -604 -515 -285
 911 -197 -158 -120  -33  -22   -5  -95  -82  -56  -67  -54  -36  -15  -10   -5 -698 -584 -453
 923 -139  -39   16  -16   -9   23  -73  -25    2  -32    0   59  -36  -19   -7 -472 -204  128
 932  -61  -36   11  -73  -35  -10  -89  -40  -22  -22   19   56  -20   -8   39 -363  -78  230
 941 -140 -101  -39  -44  -34  -17  -99  -72  -51  -56  -38   14  -11   -5   -2 -591 -462  -99
 950 -108  -99  -70  -53  -37  -25  -86  -74  -65  -57  -48  -36   -8   -5   -2 -612 -538 -462
 959 -112 -101  -65  -45  -38  -29  -87  -76  -61  -55  -49  -27   -6   -3    1 -586 -533 -260
 968 -206 -154 -105  -37  -24    8 -116  -88  -70  -49  -28   -7  -68  -48   -3 -556 -506 -257
 983 -270 -200 -155  -34  -26  -19 -131  -98  -76  -74  -46   -9  -59  -27    6 -743 -606 -402
 995 -269 -223 -125  -56  -28  -18 -132 -110  -65  -84  -59  -21  -39   -5   27 -788 -664 -465
1007 -238 -168 -105  -45  -30  -18 -116  -93  -70  -54  -26   -1  -68  -48   -4 -604 -509 -298
1022 -276 -208 -168  -31  -25  -11 -137 -104  -87  -68  -28    3  -66  -46   -4 -665 -515 -294
1034 -211 -171 -110  -44  -30  -19 -107  -92  -72  -33  -23   19  -68  -57  -26 -541 -500 -257
1049 -212 -154 -104  -33  -24  -11 -107  -84  -64  -30  -18   13  -69  -63  -41 -565 -482 -296
1070 -154 -123  -93  -49  -31  -23  -92  -79  -61  -24   -9   18  -68  -67  -64 -519 -429 -254
1091 -245 -156  -91  -76  -38  -25 -119  -85  -58  -37  -12   14  -73  -69  -67 -679 -482 -298
1103 -272 -218 -119  -43  -34  -18 -135 -107  -59  -84  -69  -34  -19   11   29 -764 -685 -266
1118 -250 -203 -142  -48  -35  -30 -124  -97  -61  -73  -58   -8  -46  -12   11 -721 -651 -323
1136 -250 -180  -79  -74  -35  -21 -121  -92  -41  -75  -47  -13  -48  -13   13 -744 -573 -290
1154  -30  -15   -4  -25    1   16   -5    1   10  -38  -34  -24  -42  -18   -5 -480 -434 -340
1169  -45   -8   21  -58  -18   -5  -60  -11    2  -29  -18   33  -15    1   44 -392 -269  163
1184  -16    3   26  -17  -13    3  -11   -4    5  -45  -22  -16  -14    0   17 -395 -317 -137
1188  -26    2   22  -25  -14    4  -33   -6    4  -25  -17    4  -22   -8    4 -379 -294  -25
1195  -29  -17    4  -12   -5    4  -27  -11   -4  -45  -34  -18  -11    0   14 -483 -405 -308
1243  -22  -12   17  -12   -1   13  -10   -5   25  -45  -33  -12  -11    3    6 -444 -386 -270
1245  -23   -2   27  -26  -13    1  -29   -7    2  -40  -22   -9  -10    3   34 -382 -284  150
1248 -130  -30   18  -14   -5   21  -67  -17    6  -23   -6   53  -59  -24   -8 -415 -273  166
1250 -218 -117  -48  -45  -19   -7 -102  -61  -20  -27  -14   -3  -69  -60  -24 -541 -433 -318
1253 -276 -198 -144  -33  -21  -15 -137  -97  -71  -64  -32   -5  -66  -48  -10 -692 -544 -388
1255 -211 -154  -59  -81  -42  -11 -101  -68  -18  -42  -17   25  -69  -55  -28 -601 -465 -225
1258 -239 -188 -137  -42  -34  -22 -116  -88  -61  -69  -33    5  -62  -36   -6 -710 -534 -335
1260 -193 -165 -108  -34  -33  -23  -91  -77  -46  -66  -56  -35  -35  -17  -10 -710 -629 -559
1263 -203 -165 -104  -39  -30    2 -119  -89  -54  -63  -56  -42  -16  -11   -3 -654 -596 -390
1265  -86  -68  -52  -77  -38  -22  -84  -58  -45  -50  -39  -25  -26   -8    0 -539 -477 -354
1268 -102  -67  -41  -45  -26   -9  -78  -49  -26  -59  -43  -36   -7   -3   11 -591 -458 -358
1270  -63  -20   14  -69  -30   -2  -75  -24    2  -32  -10   39  -12    3   49 -395 -189  244
1273 -202 -137  -87  -70  -37  -24 -116  -89  -55  -58  -50  -35  -13   -5    0 -601 -531 -374
1275 -123  -82  -33  -79  -38  -23  -97  -55  -11  -53  -47  -41  -11   -6   -3 -536 -504 -463
1278  -94  -59  -23  -35  -15    8  -62  -36   -8  -50  -45  -40   -4    2   14 -546 -500 -443
1280   30   42   65  -35  -18   14   -1   11   39  -16   25   53  -16   -3   18 -338  -77  112
1283  -53  -28  -23   -5    7   17  -29   -9   -3  -40  -38  -28   -6   -1   15 -450 -414 -265
1285  -38  -27  -22  -21    4    9  -25  -11   -6  -39  -37    8   -3    1   18 -427 -406 -111
1288  -28  -24  -21   -9    4    8  -15  -10   -7  -39  -36    8   -1    1   21 -429 -401  -53
1290  -55  -25  -17  -25   -4    8  -36  -14   -6  -38  -27    7   -2    5   21 -416 -324   -3
1293  -62  -26  -18  -22   -3    8  -39  -15   -8  -40  -30   -1   -2    4   15 -431 -347 -130
1295  -69  -27  -20  -18   -1    9  -32  -14   -6  -39  -32  -11   -1    4   21 -434 -364 -182
1300  -52  -29  -22  -25  -11    1  -33  -21  -10  -38  -22    8    2   15   24 -381 -242    9
1325  -28  -23  -14  -17   -3    8  -21  -13   -7  -39  -28   -6   -1    6   17 -433 -332 -125
1328  -50  -24  -15  -18   -2    8  -42  -14   -8  -39  -30   -6   -5    3   15 -444 -356 -174
1330  -23  -13   10  -24  -11    7  -21  -12   -5  -36   -8   14   -1    6   24 -410 -197  -29
1333  -20   -9    9  -29  -16    1  -25  -13   -7  -28    0   15    0    7   23 -351 -145  -30
1335  -26   -1   17  -41  -24  -12  -29  -13   -6  -19    9   29    1    8   20 -298 -100    3
1338  -21   -6    8  -45  -25  -11  -25  -17  -11  -13   10   33    5   13   24 -308  -79   10
1340  -41   -6   11  -42  -26  -18  -38  -17   -9  -14   12   43    0   12   22 -205  -59  190
1343  -24  -10   14  -32  -14    9  -21  -12   -5  -40   -5   25   -2    8   24 -439 -182   29
1345  -17    6   22  -48  -28  -14  -20  -11   -3   -5   19   54    3   11   35 -192  -47  242
1348  -25   -9    5  -52  -29  -19  -27  -18   -7  -35    6   17   -8   11   20 -368 -104  -25
1350  -35    5   25  -44  -34  -30  -30  -15   -2   -9   16   52    5   13   24 -224  -73  181
1353  -18   -2   24  -18   -4    9  -12   -2    6  -43  -23   12  -20  -10    5 -422 -334   16
1355 -193 -128 -108  -48  -28   -8 -118  -83  -69  -59  -54  -50  -12   -4    0 -619 -573 -536
1358 -161 -122 -105  -56  -30  -16  -93  -78  -66  -61  -54  -49   -6   -3    0 -656 -575 -537
1360 -203 -141 -113  -35  -23   -3 -122  -81  -63  -58  -50  -26  -47  -16   -4 -642 -573 -535
1363 -177 -138  -98  -28  -22    1  -88  -77  -64  -55  -37  -22  -69  -43   -9 -642 -556 -502
1365 -246 -180 -118  -37  -23  -17 -120  -91  -60  -37  -25   20  -70  -61  -36 -631 -536 -385
1368 -226 -178 -116  -41  -22   -4 -110  -90  -67  -29  -16   23  -70  -67  -63 -584 -487 -230
1370 -268 -196 -139  -67  -27  -18 -128  -99  -80  -26  -10   17  -72  -68  -67 -562 -449 -275
1373 -272 -215 -146  -27  -23  -12 -133 -105  -70  -29   -9   25  -72  -69  -67 -642 -461 -278
1375 -255 -190 -101  -31  -22  -15 -124  -94  -48  -78  -38    0  -60  -29   13 -776 -574 -361
1378 -248 -187  -97  -43  -23  -17 -118  -87  -40  -58  -24   23  -69  -41    1 -688 -510 -240
1380 -270 -207 -138  -33  -29  -23 -131  -97  -60  -82  -63  -35  -29   -2   27 -781 -683 -554
1383 -175 -115  -54  -41  -31  -23  -82  -51  -18  -59  -45   12  -20  -10   -5 -635 -530 -112
1385 -111  -44  -26  -30  -20  -10  -60  -35  -23  -42  -21   37  -35  -22   -8 -517 -364   59
1388  -67  -41   21  -62  -22   -2  -49  -19    4  -49  -41  -12  -17   -7   29 -547 -409  -11
1390 -142  -87  -49  -23   -6   25  -69  -39  -18  -63  -52  -44  -13   -8   -5 -616 -537 -446
1393  -80  -60  -37  -54  -25  -11  -78  -39  -22  -45  -38  -24  -10    6   42 -493 -362  -41
1395 -135  -77  -44  -23   -5   27  -58  -32   -6  -61  -50  -34  -25  -10   -3 -606 -548 -446
1398  -88  -68  -46  -56  -25  -12  -71  -44  -27  -43  -20   38  -21    0   42 -519 -263  -10
1400 -198 -179  -89  -59  -26   -6 -126 -105  -84  -58  -51    3   -9    2   45 -592 -494  -63
1425  -49  -36  -27  -20  -14   -7  -29  -20  -15  -45  -43  -41   -7   -4   11 -496 -462 -411
1428 -151 -108  -74  -46  -37  -29 -100  -75  -58  -56  -45  -18  -40   -8   -1 -589 -507 -257
1430  -95  -72  -48  -78  -38  -17  -82  -52  -22  -46  -39  -24  -14    4   42 -514 -378  -41
1433  -47  -31  -24  -24  -18  -10  -36  -30  -20  -45  -41  -37  -38  -22   -8 -551 -495 -456
1435  -67  -53  -36  -22  -16   -9  -29  -24  -16  -49  -46  -32  -19   -8    3 -553 -503 -314
1438  -93  -42  -25  -32  -22  -12  -72  -38  -25  -49  -42  -37  -39  -20   -3 -564 -497 -440
1440 -170  -78  -27  -80  -39   -8 -115  -64  -18  -40  -38  -33  -36  -11   -1 -660 -492 -417
1443  -31  -25   -7  -11    2   10  -18  -10    1  -43  -41  -39   -7   -2    3 -457 -424 -350
1445  -28  -25  -21   -3    6    9  -11   -8   -6  -40  -39  -39   -4   -2   -1 -446 -433 -429
1448  -54  -26  -22  -11    5    8  -30  -10   -7  -44  -40  -39   -2    0   13 -487 -440 -432
1450  -50  -32  -25  -11    2   10  -23  -14   -4  -45  -42  -40   -6   -3    1 -496 -454 -415
1453  -67  -36  -16  -28  -13    5  -52  -26  -10  -40  -29    5   -2   10   20 -412 -313    9
1455  -52  -29  -14  -19   -4    6  -38  -17   -7  -39  -36  -29   -9    1   12 -450 -399 -325
1458  -69  -39  -19  -28  -15    1  -52  -29  -13  -40  -31    5   -1   10   19 -412 -328    9
1460  -62  -39   -5  -31  -21   -7  -52  -32  -16  -38  -25   29   -7   11   21 -388 -282  137
1463  -49  -33  -23  -22   -5    7  -37  -19   -8  -40  -35  -23   -1    4   12 -441 -378 -279
1465  -49  -30  -23  -14    1    8  -34  -15   -8  -39  -37  -28   -1    1    8 -436 -407 -333
1468  -64  -30  -24  -17    2   15  -33  -13   -2  -39  -34    8   -5    2   21 -424 -374 -135
1470  -44  -29  -20  -12    2    8  -30  -13   -8  -41  -38  -34   -6    0    8 -453 -417 -370
1473  -69  -30  -10  -27  -13    5  -45  -23   -7  -39  -27    8   -9    6   20 -423 -314   -4
1475  -67  -33   -7  -29  -23  -12  -52  -31  -17  -37  -19   12   -2   12   20 -379 -246  -25
1478  -59  -31    7  -39  -25  -13  -47  -30  -13  -36  -16   40  -21    9   22 -409 -242  179
1480  -34  -27  -21  -24  -13    5  -26  -20   -5  -41  -19    2    1   14   25 -386 -234    9
1483  -48  -22   -6  -25  -16   -6  -36  -21  -10  -35  -19    8  -20    8   20 -465 -254  -50
1485  -58  -24   -9  -24  -16    2  -35  -21   -9  -35  -16   10    0   13   23 -359 -214    0
1488  -35   -9   34  -45  -27  -13  -33  -20   -5  -15   16   73    8   20   32 -244    5  364
1490  -52  -23   -5  -29  -22   -6  -37  -24  -15  -41   -4   21    5   19   24 -373 -122   55
1493  -35    7   39  -41  -32  -23  -30  -14    4  -14   14   36    9   16   23 -171  -63  118
1495  -67  -14   38  -35  -19    7  -58  -18    2  -44  -17   16  -11    4   10 -492 -318 -108
1498 -123  -61  -28  -39  -25  -16  -91  -49  -27  -52  -45  -37  -39  -10    0 -567 -514 -432
1500 -141 -123  -96  -79  -45  -32 -122  -93  -75  -54  -51  -45   -5   -1    3 -588 -564 -538
1515 -134  -91  -50  -75  -36   -5  -66  -45  -16  -61  -46   -6  -11   -6   29 -594 -467  -43
1518  -77  -40  -28  -27  -13    2  -47  -21   -9  -42  -25   29  -27   -8   12 -470 -335    0
1520  -37  -26  -20    5    7   11  -22  -10   -6  -39  -37   -9   -5   -1    0 -437 -419 -214
1523  -58  -17   19  -42  -25   -9  -49  -23   -8  -38   -6   51  -20    7   27 -439 -191  239
1525  -67  -34  -10  -28  -20    1  -52  -29  -14  -40  -25    2   -7    8   18 -427 -306 -105
1528 -137  -50  -24  -53  -13    8  -84  -35   -9  -48  -40  -38  -25   -8   -1 -585 -494 -449
1530  -62  -24  -17  -25  -11    0  -35  -19  -10  -40  -27    8   -6   21   42 -461 -332    9
1533  -80  -12   36  -41  -32   -1  -58  -23   -2  -46  -15   13   -2    4    8 -517 -315 -139
1535  -92  -63  -34  -46  -25  -10  -68  -39  -14  -45  -27   27  -23   -5   17 -486 -344   -1
1538  -49  -33  -23  -24  -16  -12  -41  -28  -24  -46  -40  -35  -22   -6   11 -537 -464 -359
1540 -199 -112  -45  -43  -30  -15 -116  -66  -27  -60  -40  -19  -12   -4    3 -581 -417 -164
1543  -69  -61  -42  -42  -21   -8  -61  -46  -27  -40  -36  -21  -10   -3   28 -500 -407 -239
1545 -108  -90  -59  -55  -33  -24  -84  -68  -46  -53  -43  -22   -5    1   25 -564 -461 -218
1548  -87  -63  -42  -85  -45  -21  -71  -59  -39  -42  -12   44  -24   -8    7 -467 -220  212
1550 -115  -89  -59  -52  -37  -27  -88  -69  -54  -40  -15    8  -66  -36   -3 -551 -359 -239
1553  -82  -57  -42  -86  -46  -18  -71  -57  -36  -31   -1   51  -44  -27   -4 -445 -196  238
1555 -126  -76  -51  -71  -37   -7  -60  -43   -8  -54  -24   23  -46  -25  -15 -596 -391  -31
1558 -163  -76  -18  -81  -41  -16  -97  -54  -15  -28    2   28  -68  -55  -26 -481 -309  -37
1560 -199 -111  -56  -89  -48  -29 -105  -72  -58  -23    5   33  -67  -59  -35 -485 -302  -28
1563 -120 -104  -82  -51  -38  -27  -92  -77  -63  -56  -51  -25   -5   -2    1 -609 -545 -410
1565 -115 -106  -79  -45  -38  -24  -87  -78  -56  -58  -54  -49   -6   -3   -1 -616 -569 -524
1568  -69  -62  -50  -25  -21  -11  -50  -44  -36  -42  -37  -31   -9   -1   17 -510 -394 -311
1570  -77  -43  -27  -71  -37   -6  -74  -25   -3  -40  -10   20   -3   12   50 -365 -109  232
1575  -40  -30  -20  -25  -16  -14  -38  -28  -25  -46  -41  -37  -26   -9    7 -560 -488 -426
1580  -74  -50  -31  -47  -21  -13  -49  -29  -14  -43  -36  -24   -7    9   42 -478 -339  -41
1585  -96  -74  -56  -48  -28  -20  -74  -53  -35  -45  -34   18  -12    1   24 -511 -378 -131
1590  -78  -59  -40  -66  -46  -28  -64  -39   -4  -37  -10   13   -1   12   52 -347  -89  204
1595  -46  -32  -24  -12   -3   12  -22  -12   -2  -45  -41  -38   -8   -6   -2 -487 -455 -416
1598  -58  -41  -27  -57  -19    5  -55  -29   -8  -41  -14   14   -3   20   52 -359 -101  312
1599  -64  -47  -32  -68  -32  -11  -62  -39  -24  -25   -8   21    0   19   44 -289  -70  323
1600  -53  -42  -25  -32  -14    3  -41  -30  -10  -41  -20   -7    1   11   27 -432 -222  -55
1603  -48  -30   -7  -56  -15   -4  -36  -22  -10  -36  -26  -14  -26   -3    8 -484 -329 -191
1604  -55  -37  -21  -37  -12    6  -42  -25   -6  -34  -20   -3   -5    3   43 -388 -243   15
1605  -52  -35  -10  -23  -13   -1  -43  -26  -14  -37  -22   -9  -26   -2   13 -476 -282  -98
1610  -48  -32   -5  -30   -6    7  -44  -19   -7  -36  -28  -13  -15    0   19 -429 -325 -180
1615  -48  -31  -10  -30   -2    6  -42  -16   -6  -37  -30  -15  -10    2   21 -417 -333 -187
1620  -43  -29    0  -13    1    9  -32  -12    2  -35  -24    1  -10    1    3 -361 -286 -126
1625  -45  -25   -6  -25   -8    5  -41  -18  -11  -36  -25   -7  -26   -5   11 -488 -330  -94
1630  -30   -5   26  -35  -17    0  -23  -11   -4  -27    1   48   -6    4   14 -356 -182   69
1635  -32  -13    8  -23   -4    7  -12   -6    9  -37  -11   18    3    8   27 -355 -201  -30
1640  -14   17   30  -38  -27  -10   -9   -5    2  -13   23   51   -4   10   17 -298  -53  106
1645  -96  -27   17  -32  -11    4  -63  -15   -6  -43  -10   36   -4    7   20 -465 -228   26
1650  -35  -25    2  -18   -6    5  -19  -10   -6  -36  -18    4   -2    6   22 -377 -235  -64
1655  -26    5   24  -36  -22   -5  -10   -7    0  -22   14   44   -3    7   16 -319  -96   63
1660   -6   13   27  -39  -25  -11   -8   -5    6   -8   19   50   -6    5   12 -294  -87   51
1665  -34   -8   16  -30  -14    5  -13   -7   -1  -38   -2   32    1    7   19 -361 -179   -4
1670  -69  -21    4  -20   -3    7  -25   -7    6  -40  -15   11   -4    3    8 -431 -249  -87
1675 -115  -33   -4  -33   -7    4  -63  -16   -6  -45  -17   28   -2    5   19 -474 -269  -27
1680  -22   16   36  -38  -21   -7  -11   -2   13  -21    6   41  -13    1   12 -387 -185   41
1685    3   19   29  -40  -28  -17   -7   -4    3   -5   21   47   -5    5   15 -318  -85   44
1690    3   20   29  -40  -31  -24   -8   -5    0   -3   24   48   -5    6   15 -300  -71   51
1695   13   24   36  -37  -27  -20   -6   -2    6  -23    8   30  -12    0   13 -427 -186  -22
1700    8   28   40  -42  -27  -16   -5    0   14  -19    8   38  -15    0   12 -441 -188  -12
1715   15   24   33  -41  -31  -23   -7   -4    2   -1   25   56   -5    6   19 -256  -63  158
1720   16   27   36  -37  -28  -22   -6   -1    5  -22   10   32  -12    0   12 -424 -166  -11
1725   17   28   37  -36  -27  -21   -5    0    6  -24    6   27  -15   -2    9 -436 -197  -39
1730   18   30   36  -46  -27  -22  -10    0    5  -16    9   65  -12   -1   19 -373 -177  248
1735   23   32   42  -29  -24  -12   -1    3   14  -20    2   34  -14   -5    9 -408 -233    2
1740    8   19   33  -52  -30  -23  -17   -6    3   -7   18   44   -5    5   34 -299  -91  118
1745    3   17   30  -67  -31  -25  -35   -7   -2    5   22   78   -4    4   20 -199  -54  380
1750   15   25   36  -37  -28  -22   -7   -3    5  -24   10   30  -12    0   13 -434 -159  -14
1755   22   31   41  -32  -24  -14   -2    2   14  -20    4   35  -14   -4   10 -406 -223   11
1760    9   23   32  -37  -27  -23  -11   -3    2   -6   10   24   -9    0    6 -291 -153  -38
1765   14   24   34  -35  -29  -24   -8   -3    0    7   24   45   -2    7   21 -175  -42  104
1770   16   29   36  -35  -27  -21   -4    0    6  -24   10   32  -12    1   15 -436 -163   13
1775    5   17   33  -52  -32  -24  -28   -9   -1   -5   17   35   -3    5   23 -268  -89   53
1780   12   28   36  -45  -30  -22  -12   -2    6  -22    8   44  -14    0   14 -420 -179   97
1785   -1   16   29  -75  -45  -30  -39  -15   -3   25   63  120    2   15   33  -47  232  667
1790    5   19   42  -58  -35  -25  -26   -9    1    8   36   93   -4    8   21 -168   46  483
1795   -1   18   36  -72  -49  -32  -39  -16   -3   35   73  131    7   18   35   31  313  752
1800    9   19   35  -58  -37  -26  -26   -9   -2   12   42   99    1   10   24 -130   90  501
1803  -74   -5   18  -37  -25  -17  -42  -15   -6  -26   13   35   -4   10   21 -357  -73   34
1805    6   18   30  -58  -39  -32  -27  -12   -4   25   42  100    6   15   27  -89   73  469
1808  -72  -34  -11  -33  -15   -4  -52  -26  -11  -41  -30    8    8   37   75 -480 -375 -135
1810 -196 -121  -63  -32  -19   -3 -106  -61  -22  -61  -54  -49  -17  -12   -5 -612 -582 -542
1813 -136 -107  -75  -42  -32  -22  -95  -73  -58  -54  -48  -19  -11   -5    0 -576 -518 -236
1815 -116 -104  -80  -43  -34  -27  -89  -75  -63  -52  -46  -11  -31   -6   -1 -560 -510 -264
1818 -229 -151  -92  -44  -29  -13 -120  -85  -64  -36  -19    1  -69  -55  -18 -540 -466 -364
1820 -239 -161 -110  -35  -28  -18 -128  -90  -71  -32  -13   16  -71  -67  -55 -667 -478 -318
1823 -271 -213 -166  -28  -28  -28 -132 -108  -88  -34  -22    3  -72  -70  -67 -653 -560 -376
1825 -254 -201 -141  -33  -31  -28 -125  -97  -62  -71  -41  -10  -70  -42   -4 -709 -615 -390
1830 -206 -178 -115  -33  -28  -12  -99  -84  -49  -68  -56  -35  -45  -21   -6 -718 -645 -550
1835 -182 -103  -31  -35  -30  -28  -84  -38    1  -44  -28    1  -54  -25  -19 -587 -434 -293
1840 -144  -85  -39  -71  -38  -18  -66  -31   -3  -30   -5   27  -67  -56  -25 -531 -372 -162
1845 -220 -139  -68  -38  -38  -38 -103  -56  -17  -70  -31    6  -51  -22   16 -763 -493 -288
1850 -132  -74  -26  -94  -67  -38  -64  -38    2  -52  -29   29  -24  -19  -11 -581 -407   33
1855  -87  -45   24  -85  -49  -20  -65  -32    8  -23   14   58  -57  -33  -22 -407 -124  219
1860 -163 -105  -50  -73  -42  -17 -105  -69  -41  -25    1   30  -67  -56  -30 -518 -310  -57
1865 -198 -117  -44  -77  -40  -19 -110  -68  -28  -66  -27   -9  -64  -38    0 -661 -475 -223
TJANTJANTJANTJULTJULTJULTANNTANNTANNPJANPJANPJANPJULPJULPJULPANNPANNPANN
