List of the columns (the first is in cm and the others in percentages multiplied by 10)
  
  55  13 195 124   0  15   0 156 261   5   0   0   0   0   0   2   7   0 168   0   0   0   0   0   0   0   2   0  53
  65  25 208  95   0   5   0 129 373   5   0   0   0   0   0   0   3   0 104   0   5   5   0   0   0   0   0   5  37
  75   9 124  74   0   0   0 111 574  21   0   0   0   0   0   0   4   0  46   0   2   4   2   0   0   0   0   0  28
  85   6 170  27   0   0   0 180 500  12   0   0   0   0   0   0   3   0  54   0   0   6   6   0   0   0   3   0  33
  95  19  95  17   0   0   0 121 599   5   0   0   0   0   0   0   5   0  90   0   0  31  11   0   0   0   3   0   3
 105   0 230  29   0   0   0 233 281  26   0   0   0   0   0   0   3   0 122   0   3  44  12   0   0   0   0   0  15
 115   0  97  23   0   0   0 291 282  37   0   0   0   0   0   0  11   0 171   0   0  45  34   0   0   0   3   0   6
 125   9 202  21   0   9   0 343 156  39   0   0   0   0   0   0  24   0 123   0   6  30  28   0   0   0   0   0   9
 135   6 121  26   0   0   0 360  20  37   0   0   0   0   0   0  31   0 242   0   0  78  78   0   0   0   0   0   0
 145   0  66  28   0   0   0 438   5  70   0   0   0   0   0   0   9   0 193   0   5  80  95   0   0   0   0   0   9
 155   0  24  36   0   0   0 521   0  82   0   0   0   0   0   0   6   0 152   0   6  91  73   0   0   0   0   0   6
 165   0   6  26   0   0   0 505   0  29   0   0   0   0   0   0  17   0 181   0   0 138  92   0   0   0   0   0   6
 175   0   0  31   0   0   0 719   4   0   0   0   0   0   0   0   4   0 128   0   0  22  93   0   0   0   0   0   0
 185   0   0  19   0   0   0 755   0   2   0   0   0   0   0   0  12   0 129   0   2  10  66   0   0   0   0   0   5
 195   0   0   4   0   0   0 723   0   0   0   0   0   0   0   0   9   0 179   0   0   4  67   0   0   0   0   0  13
 205   0   0  37   0   0   0 761   0   3   0   0   0   0   0   0  34   0 124   0   3   3  31   0   0   0   0   0   3
 215   0   0  15   0   0   0 767   3   3   0   0   0   0   0   0   9   0 136   0   0   0  58   0   0   0   3   0   6
 225   0   2  36   0   0   0 848   0   0   0   0   0   0   0   0   9   0  38   0   2   0  60   0   0   0   0   0   5
 235   0   0  24   0   0   0 771   0   3   0   0   0   0   0   0  40   0  64   0   0   0  78   0   0   0   8   0  11
 245   0   0  66   0   3   0 656   0   0   0   0   0   0   0   0 107   0 101   0   0   0  52   0   0   0   6   0   9
 255   0   0 140   0   0   0 604   0   0   0   0   0   0   0   0 155   0  20   0  13   3  46   0   0   0   6   0  13
 265   0   0 254   0   0   0 227   0   0   0   0   0   0   0   0 433   0   3   0   9   0   9   0   0   0  14   0  51
 275   0   6 374   0   0   0   6   0   0   0   0   0   0   0   0 342   0   6   0   6   6   6   0   0   0  69   0 182
 285   0   3 351   0   0   0  14   0   0   0   0   3   0   0   0 386   0   0   0  22   3   0   0   0   0  63   8 146
 295   0   0 410   0   0   0   4   0   0   0   0   4   0   0   0 323   0   0   0   8   0   0   0   0   0  66   4 179
 305   0   0 598   0   0   0  14   0   0   0   0  35   0   0   0 113   0   0   0   7   0   0   0   0   0  56   0 176
 310   0   0 539   0   0   0   5   0   0   0   0  64   0   0   0  64   0   5   0  27   0   0   0   0   0  53   5 238
 452   0   0 154   0   0   0   0   0   0   0   0 229   0   0   0   1   0   0   0  51   0   1   0   0   0 105   1 458
 454   0   0 150   0   0   0   3   0   0   0   0 127   0   0   0  20   0   0   0  30   0   3   0   0   0 154  14 500
 462   0   0 154   0   0   0   0   0   0   0   0  39   0   0   0  14   0   0   0  11   0   0   0   0   0 218  25 540
 465   0   0  46   0   0   0   0   0   0   0   0  12   0   0   0  14   0   0   0  16   0   0   0   0   0 277  30 605
 486   0   0   9   0   0   0   5   0   0   0   0   5   0   0   0  69   0   0   0  14   0   0   0   0   0 223  54 620
 504   0   0  22   0   0   0   0   0   0   0   0  27   0   0   0  42   0   0   0  38   0   0   0   0   0 177  11 684
 522   0   0  20   0   0   0   0   0   0   0   0  24   0   0   0  60   0   4   0  33   0   0   0   0   0 126   4 728
 537   0   0   3   0   0   0   0   0   0   0   0  16   0   0   0  65   0   0   0  19   0   0   0   0   0  96   3 797
 552   0   0   3   0   0   0   0   0   0   0   0  21   0   0   0  55   0   0   0  12   0   0   0   0   0  90  12 807
 558   0   0  21   0   0   0   0   0   0   0   0  26   0   0   0  81   0   0   0   5   0   0   0   0   0 127   5 735
 564   0   0  14   0   0   0   0   0   0   0   0  20   0   0   6  60   0   0   0  14   0   6   0   0   0  88   0 792
 569   0   0  30   0   0   0   0   0   0   0   0  15   0   0   0  43   0   0   0  22   0   0   0   0   0  58  15 816
 571   0   9  39   0   0   0   4   0   0   0   0  26   0   0   4  55   0   0   0   9   0   4   0   0   0  68  13 771
 576   0   6  42   0   0   0   3   0   0   0   0   9   0   0  14  81   0   3   0  11   0   0   0   0   0 115  23 693
 591   0  10  49   0   7   0   7   0   0   0   0  10   0   0  12  93   0   2   0  25   0   0   0   0   0  93  12 678
 612   0   6  88   0   6   0   6   0   0   0   0  19   0   0  45 225   0   9   0   9   0   9   0   0   0  47  13 520
 630   0   2  58   0   0   0  10   0   0   0   0  22   0   0  10 211   0   0   0   6   0   2   0   0   0  66  16 598
 632   0   4  89   0   0   0  17   0   0   0   0  32   0   0  17 323   0   0   0   8   0   4   0   0   0  82  11 413
 634   0   0 105   0   0   0   0   0   0   0   0  46   0   0   2 412   0   0   0  21   0   0   0   0   0  59   5 350
 640   0   4 106   0   1   0   4   0   0   0   0  10   0   0   4 240   0   1   0  15   0   1   0   0   0  61  15 537
 648   0   0 136   0   4   0   4   0   0   0   0  48   0   0   0 162   0   4   0   8   0   0   0   0   0  55  10 569
 660   0   0  75   0   3   0   0   0   0   0   0  78   0   0   0 147   0   0   0   8   0   0   0   0   0  75  11 602
 672   0   0   0   0   0   0   0   0   0   0   0  77   0   0   0 351   0   0   0   7   0   0   0   0   0  56  21 489
 681   0   2  78   0   2   0   5   0   0   0   0  21   0   0   2 460   0   0   0   5   2   0   0   0   0  28   7 386
 689   0   0 176   0   0   0   0   0   0   0   0  63   0   0   0  63   0   0   0  15   0   0   0   0   0  15  11 658
 693   0   0 164   0   0   0   8   0   0   0   0  11   0   0   4  57   0   0   0  23   0   0   0   0   0 149  19 564
 704   0   0 130   0   0   0  12   0   0   0   0  36   0   0   3  82   0   0   0  27   0   0   0   0   0  87  31 592
 710   0   0 131   0   0   0   0   0   0   0   0  32   0   0   0  83   0   0   0   0   0   0   0   0   0  77   6 673
 716   0   7 158   0   0   0   3   0   0   0   0  50   0   0   7  35   0   0   0   7   0   0   0   0   0  82  19 633
 722   0   4 173   0   0   0   4   0   0   0   0  18   0   0   0  60   0   4   0  31   0   0   0   0   0 154  29 524
 731   0   0 137   0   0   0   0   0   0   0   0  12   0   0   0 102   0   0   0   2   0   0   0   0   0  62  24 661
 740   0   8 189   0   4   0   8   0   0   0   0  26   0   0   8  86   0   0   0   4   0   0   0   0   0  63   0 604
 752   0   0 195   0   0   0   0   0   0   0   0  89   0   0   6  80   0   0   0   6   0   0   0   0   0  71   6 548
 764   0   4 189   0   0   0   0   0   0   0   0  29   0   0  12  52   0   0   0   8   0   0   0   0   0  60  23 623
 779   0   0 178   0   9   0   5   0   0   0   0  20   0   0   3  57   0   3   0  11   0   0   0   0   0 110  20 586
 794   0   0 164   0   0   0   3   0   0   0   0  38   0   0  13  78   0   3   0   6   0   0   0   0   0  53   0 645
 800   0   0 308   0   0   0   7   0   0   0   0   7   0   0   2  96   0   2   0   2   0   0   0   0   0  22  12 541
 809   0   0 330   0   0   0   2   0   0   0   0  24   0   0   2 153   0   0   0   0   0   0   0   0   0  22   0 467
 818   0   0 184   0   0   0   4   0   0   0   0  71   0   0   0  75   0   0   0   4   0   0   0   0   0  26   4 634
 833   0   4 123   0   0   0   9   0   0   0   0  85   0   0   4  76   0   0   0   0   0   0   0   0   0  46   9 644
 851   0   0 227   0   0   0   3   0   0   0   0  12   0   0   7  36   0   0   0   7   0   3   0   0   0  92   9 604
 869   0   0 200   0   0   0   4   0   0   0   0  24   0   0   4  43   0   0   0   8   0   0   0   0   0 173  36 508
 887   0   3 245   0   0   0  20   0   0   0   0  30   0   0   3  93   0   3   0   0   0   0   0   0   0  54   0 549
 902   0   3 255   0   3   0   9   0   0   0   0  12   0   0  15  93   0   0   0   6   0   3   0   0   0  60   6 535
 911   0   0 172   0   0   0   2   0   0   0   0   9   0   0  11 119   0   0   0   0   0   0   0   0   0  27  11 648
 923   0   0 172   0   0   0  15   0   2   0   0  32   0   0  17 167   0  21   0   0   0   0   0   0   0  26   6 543
 932   0   0 260   0   0   0  17   0   0   0   0  13   0   0  19 234   0  13   0   0   0   2   0   0   0  17   2 422
 941   0   2 301   0   0   0   2   0   0   0   0  27   0   0   2 136   0   5   0   2   0   0   0   0   0  28   0 492
 950   0   0 407   0   0   0   2   0   0   0   0  18   0   0  12  78   0   0   0   0   0   0   0   0   0  12   2 467
 959   0   0 441   0   0   0   3   0   0   0   0  35   0   0   6  91   0   0   0   0   0   0   0   0   0  17   0 406
 968   0   0 274   0   0   0   0   0   0   0   0  27   0   0   4  46   0   8   0  15   0   0   0   0   0  73   4 548
 983   0   0 206   0   0   0   4   0   0   0   0  19   0   0   0  73   0   0   0  21   0   0   0   0   0 124  30 522
 995   0   3 159   0   3   0  12   0   0   0   0  29   0   0   3  65   0   0   0  32   0   3   0   0   0 106  17 569
1007   0   6 196   0   4   0   4   0   0   0   0  65   0   0   0  59   0   0   0  13   0   0   0   0   0  49  10 594
1022   0   0 175   0   0   0   0   0   0   0   0  24   0   0   2  71   0   0   0   2   0   0   0   0   0  65  12 647
1034   0   0 223   0   0   0   0   0   0   0   0  52   0   0   4  52   0   0   0  17   0   0   0   0   0  67   0 585
1049   0   0 222   0   0   0   2   0   0   0   0  93   0   0   0  35   0   0   0  19   0   2   0   0   0  51   6 570
1070   0   5 266   0   0   0   0   0   0   0   0 286   0   0   0  17   0   2   0  12   0   0   0   0   0  27   5 381
1091   0   3  85   0   0   0   0   0   0   0   0  32   0   0   0  43   0   0   0  28   0   0   0   0   0 225  10 574
1103   0   0  81   0   0   0  11   0   0   0   0   3   0   0   0  81   0   0   0   0   0   0   0   0   0 216  26 582
1118   0   0  67   0   3   0   6   0   0   0   0  10   0   0   3  77   0   0   0   3   0   3   0   0   0 228  30 571
1136   0   3  74   0   3   0  11   0   0   0   0  39   0   0  19 123   0   4   0   7   0   4   0   0   0  81   7 627
1154   0  19 134   0  13   0  65   0   0   0   0   0   0   0  30 197   0  30   0   8   2   2   0   0   0  65  30 402
1169   0  18 296   0  11   0  27   0   0   0   0  15   0   0  15 100   0  29   0  11   3   3   0   0   0  71   9 393
1184   0  23 133   0  13   0  60   0   6   0   0  44   0   0  17  83   0  60   0  20   0  17   0   0   0  33   4 487
1188   0   5 179   0  12   0  28   0   1   0   0  16   0   0   8 107   0  65   0   9   0   1   0   0   0 123   8 436
1195   0  28 269   0  32   0  95   0   3   0   0  25   0   0  35 130   0 136   0   4   3  13   0   0   0  21   3 202
1243   0  23 189   0  30   0  81   3   3   0   0  16   0   0  59 192   0 166   0   0   3   6   0   0   0  16  13 199
1245   0   3 276   0  15   0  63   0   5   0   0  17   0   0  26 144   0 135   0   5   0  12   0   0   0  63   0 236
1248   0   4  62   0   7   0  18   0   0   0   0  69   0   0   4  48   0  18   0   0   0   4   0   0   0  34   7 726
1250   0   0 148   0   0   0   0   0   0   0   0 112   0   0  10  40   0   5   0  15   0  10   0   0   0  92   0 567
1253   0   9 255   0   0   0   0   0   0   0   0  22   0   0   5  53   0   5   0  22   0   0   0   0   0 132  14 484
1255   0  12 257   0   0   0   0   0   0   0   0  47   0   0   4  51   0   0   0  16   4   4   0   0   0 124  23 460
1258   0   7 211   0   0   0   3   0   0   0   0  15   0   0   3  88   0   0   0  10   3   0   0   0   0 113  15 531
1260   0   7 223   0   2   0   2   0   0   0   0   2   0   0  11 133   0   2   0  13   0   4   0   0   0 115  11 472
1263   0   0 256   0   0   0   0   0   0   0   0   4   0   0   0 312   0   0   0   0   0   0   0   0   0  38   4 385
1265   0  13 355   0   2   0   4   0   0   0   0   2   0   0  13 373   0   8   0   2   0   2   0   0   0   4   0 222
1268   0  14 465   0   4   0   0   0   0   0   0  18   0   0  10 166   0  10   0   4   0   0   0   0   0  10   0 299
1270   4  17 244   0  21   0  21   0   0   0   0  21   0   0  33 157   0  21   0  12   4  17   0   0   0  99   4 322
1273   0   3 129   0   3   0   0   0   0   0   0   8   0   0  88 516   0  11   0   0   0   3   0   0   0  11   0 229
1275   0   7 219   0   7   0   7   0   0   0   0   4   0   0 119 523   0  19   0   0   0   4   0   0   0   4   4  82
1278   0  10 225   0  10   0  15   5   0   0   0   5   0   0 135 449   0  73   0   0   2   0   0   0   0   2   0  68
1280   0  51 313   0  51   0  36   5   9   0   0   0   0   0 262   5   0 188   0   0   0   9   0   0   0   9   5  56
1283   0  36 186   0  51   0  23   8   0   0   0   0   0   0 143 356   0 146   0   0  12   8   0   0   0   0   0  32
1285   3  29 150   0  79   0  65   0   3   0   0   3   0   0  68 294   0 232   0   3  12   9   0   0   0  12   0  38
1288   0  46 144   0  79   0  58   9   9   0   0   2   0   0  89 311   0 197   0   0   9  14   0   0   0   2   0  30
1290   0  31  62   0 169   0 191   0   9   0   0   0   0   0  35  89   0 369   0   0   4   9   0   0   0   0   0  31
1293   0  41  91   0 178   0 196   0  10   0   0   0   0   0  49  94   0 308   0   0   0  10   0   0   0   0   0  23
1295   2  41  49   0 106   0 229   2   9   0   0   0   0   0  76  85   0 357   0   0   4   9   0   0   0   2   0  29
1300   0  39  77   0 111   0 158   0  16   0   0   4   0   0  63 111   0 393   0   0   0  16   0   0   0   2   0   9
1325   1  30  76   0 126   0 178   1   5   0   0   0   0   0  70  90   0 392   0   0   3  12   0   0   0   3   0  13
1328   0  51 120   0 131   0 156   0   6   0   0   0   0   0  46  96   0 352   0   0   3  11   0   0   0   6   0  22
1330   0  40 101   0  70   0 233   3   9   0   0   0   0   0  43  58   0 415   0   0   3  15   0   0   0   0   0   9
1333   0  44 113   0  54   0 259   0   7   0   0   0   0   0  35  59   0 408   0   0   2  10   0   0   0   0   0  10
1335   0  27  97   0  44   0 341   0   3   0   0   3   0   0  35  65   0 344   0   3   3  14   0   0   0   0   0  20
1338   0  27  97   0  36   0 275   0   4   0   0   0   0   0  56  82   0 386   0   2   2   9   0   0   0   0   0  23
1340   0  31 125   0  31   0 285   0   9   0   0   0   0   0  46  64   0 356   0   0   3   9   0   0   0   3   0  37
1343   0  19 122   0  38   0 297   0   0   0   0   0   0   0  19  87   0 361   0   0   2  17   0   0   0   5   2  29
1345   0  15  89   0  13   0 343   3   0   0   0   3   0   0  38  68   0 388   0   0   0  23   0   0   0   3   0  13
1348   0  16 106   0  10   0 304   0  12   0   0   0   0   0  27  77   0 420   0   0   0  18   0   0   0   0   0  10
1350   0  16 283   0   2   0 223   0  27   0   0   7   0   0  29  79   0 264   0   0   2  23   0   0   0   9   0  36
1353   0   0 428   0   4   0  44   0   0   0   0  35   0   0   0 135   0  76   0   4   0  20   0   0   0  56   4 191
1355   0   6 532   0   0   0   0   0   0   0   0  37   0   0   3 125   0  10   0   3   0   3   0   0   0  45   0 236
1358   0   0 601   0   0   0   0   0   0   0   0  25   0   0   0 125   0   0   0   0   0   0   0   0   0  37   3 209
1360   0   6 574   0   0   0   0   0   0   0   0  24   0   0   0  82   0   4   0   0   0   2   0   0   0  69   6 232
1363   0   0 626   0   0   0   0   0   0   0   0  58   0   0   0  69   0   3   0   0   0   0   0   0   0  62   3 178
1365   0   0 482   0   0   0   0   0   0   0   0  86   0   0   0  23   0   4   0   9   0   0   0   0   0  64  18 314
1368   0   0 325   0   0   0   0   0   0   0   0 232   0   0   0  31   0   0   0   7   0   4   0   0   0  89   7 305
1370   3   3 285   0   3   0   3   0   0   0   0 244   0   0  10  35   0   0   0   3   0   3   0   0   0  84   3 320
1373   0   3 314   0   3   0   0   0   0   0   0 205   0   0   3  22   0   8   0  11   0   0   0   0   0 101  19 310
1375   0   3 163   0   0   0  16   0   0   0   0 114   0   0   6  34   0   0   0   9   0   0   0   0   0 181  21 454
1378   0  14 182   0   0   0   2   0   0   0   0  76   0   0   7  60   0   2   0   0   0   2   0   0   0 238  23 394
1380   0   8 141   0   4   0   4   0   0   0   0  16   0   0  41 210   0   8   0  12   0   4   0   0   0 161  20 371
1383   0   5 302   0   0   0   4   0   0   0   0  15   0   0  50 415   0  23   0   2   0   2   0   0   0  30   2 150
1385   0   9 292   0   6   0   3   0   3   0   0  12   0   0  61 455   0  39   0   0   0   3   0   0   0  12   0 103
1388   0  19 302   0   3   0   0  13   3   0   0   0   0   0  45 469   0  56   0   5   0  10   0   0   0  15   0  59
1390   0   3 223   0   0   0   3   0   0   0   0   0   0   0 154 470   0  33   0   0   0   0   0   0   0  17   3  93
1393   0   3 248   0   0   0  10   3   3   0   0   0   0   0 169 478   0  29   0   0   0   0   0   0   0   0   0  57
1395   0   9 279   0   0   0   6   9   6   0   0   0   0   0  90 467   0  46   0   0   0   0   0   0   0  18   0  70
1398   0   6 145   0   0   0   3   3   0   0   0   6   0   0 128 615   0  22   0   3   0   0   0   0   0   6   0  63
1400   0  11 135   0   0   0   0   4   0   0   0   0   0   0  52 674   0   7   0   0   0   0   0   0   0  14   7  95
1425   0  18 187   0   3   0   5   3   0   0   0   5   0   0  92 556   0  18   0   0   0   0   0   0   0   5   0 107
1428   0   3 371   0   0   0   0   0   0   0   0  79   0   0  61 273   0   6   0   6   0   3   0   0   0  44   6 147
1430   0  10 236   0   3   0   0   7   0   0   0   0   0   0 108 547   0  22   0   3   0   3   0   0   0   7   0  53
1433   0  15 269   0   4   0   2   0   4   0   0  15   0   0 122 430   0  29   0   0   0   2   0   0   0  13   2  93
1435   0  20 227   0   9   0   3   0   0   0   0   0   0   0 146 443   0  45   0   3   0   0   0   0   0  12   0  92
1438   0   7 273   0   7   0   4   7   0   0   0  13   0   0 122 446   0  30   0   4   0   0   0   0   0   4   0  82
1440   0  22 293   0  19   0  11   3   8   0   0   0   0   0 159 372   0   3   0   0   8   0   0   0   0   8   3  90
1443   0  30 241   0  44   0  10   5  10   0   0   3   0   0 106 362   0 106   0   0   0   3   0   0   0   5   2  71
1445   0  28 247   0  44   0  28   0   5   0   0   5   0   0 122 389   0  55   0   3   3  11   0   0   0   3   0  55
1448   0  18 207   0  37   0  29   4   4   0   0   2   0   0 120 396   0 107   0   0   0  18   0   0   0   7   0  49
1450   0  28 216   0  37   0   9   0   9   0   0   0   0   0 154 401   0  94   0   3   0   6   0   0   0   0   0  43
1453   0  34 230   0  85   0  34   0  15   0   0   4   0   0  78 304   0 141   0   7   0  15   0   0   0   7   0  45
1455   0  33 191   0 156   0  26   0  12   0   0   6   0   0 111 219   0 174   0   0   0  12   0   0   0   6   0  54
1458   0  18 170   0 118   0  48   0  11   0   0   7   0   0 233 229   0 110   0   0   0  11   0   0   0   0   0  45
1460   0  34 127   0 184   0  41   0  28   0   0   0   0   0 144 161   0 230   0   0   0  10   0   0   0   3   0  38
1463   0  40 192   0 205   0  64   0  10   0   0   0   0   0 133 153   0 155   0   0   0  18   0   0   0   0   0  30
1465   0  39 142   0 184   0  86   0   6   0   0   9   0   0 139 119   0 214   0   0   0  20   0   0   0   3   0  39
1468   0  18 196   0 303   0  90   0  11   0   0   4   0   0  71  86   0 157   0   4  11   7   0   0   0   7   0  35
1470   4  17 184   0 213   0  61   0   9   0   0   0   0   0 180 138   0 125   0   0   0  28   0   0   0   4   0  36
1473   0  20  70   0 314   0 105   0  14   0   0   3   0   0 155  93   0 181   0   0   0  17   0   0   0   6   0  22
1475   0  19  72   0 254   0 123   0  28   0   0   3   0   0 140  67   0 246   0   0   0  11   0   0   0   3   0  33
1478   0  27  58   0 285   0 152   0  23   0   0   0   0   0 164  53   0 176   0   0   0  11   0   0   0   0   2  49
1480   0  18  41   0 374   0 123   0  20   0   0   8   0   0 197  62   0 128   0   0   3  18   0   0   0   0   0   8
1483   0  13  66   0 316   0 170   0  27   0   0   2   0   0 128  51   0 183   0   3   2  25   0   0   0   2   0  12
1485   1  11  52   0 310   0 128   1  28   0   0   0   0   0 204  83   0 135   0   0   2  25   0   0   0   4   0  14
1488   0   4  65   0 197   0 279   0  13   0   0   0   0   0  54  69   0 255   0   2   0  45   0   0   0   2   0  15
1490   5  13 130   0  28   0 267   0  21   0   0   0   0   0  80 192   0 224   0   0   5  13   0   0   0   3   0  18
1493   0   0 139   0   0   0 287   0  16   0   0   0   0   0  81 290   0 155   0   6   0  10   0   0   0   0   0  16
1495   0   8 148   0   6   0  83   0   8   0   0   2   0   0  39 547   0 112   0   4   2   6   0   0   0   2   0  33
1498   0   3 240   0   3   0   6   0   0   0   0  19   0   0  48 594   0  29   0   0   0   0   0   0   0   9   0  48
1500   0   0 187   0   0   0   0   0   0   0   0  24   0   0  30 707   0   3   0   0   0   0   0   0   0  12   0  37
1515   0  11 267   0   3   0   8  11   0   0   0  19   0   0  45 414   0  19   0   3   0   8   0   0   0  53  11 128
1518   0  10 257   0   5   0   8   0   5   0   0   3   0   0 168 420   0  45   0   3   0   0   0   0   0   8   0  67
1520   6  22 211   0  53   0  19   0   0   0   0   0   0   0  95 428   0  82   0   3   0   6   0   0   0   6   3  66
1523   3  25 166   0 207   0 111   0  13   0   0   0   0   0 137  83   0 178   0   0   6  13   0   0   0   0   0  57
1525   0  17 107   0 227   0 122   3  22   0   0   1   0   0 176 112   0 162   0   0   0  17   0   0   0   0   0  32
1528   0   0 339   0   4   0  19   0   4   0   0   4   0   0  26 495   0  34   0   0   0   4   0   0   0   8   0  61
1530   0  23 218   0  21   0 145   0  12   0   0  18   0   0  70 286   0 157   0   0   2  23   0   0   0   7   0  16
1533   6   9 173   0   0   0  68   0   3   0   0   0   0   0  73 468   0 123   0   0   0  20   0   0   0   6   0  50
1535   8   2 269   0   2   0   0   0   6   0   0   6   0   0  55 557   0  24   0   2   0  11   0   0   0   2   0  55
1538   0  15 406   0   0   0   0   0   4   0   0  11   0   0  45 366   0  13   0   8   0   0   0   0   0   6   0 124
1540  42   8 325   0   3   0   0   0   0   0   0   5   0   0  59 389   0  14   0  14   0   3   0   0   0  12   0 126
1543  20  14 358   0   0   0   6   0   0   0   0 109   0   0  43 288   0   6   0   0   0   0   0   0   0  14   0 143
1545   8   8 393   0   5   0   3   0   3   0   0  99   0   0  51 253   0   5   0   5   0   5   0   0   0  25   0 135
1548   2  15 484   0   0   0   0   0   0   0   0 259   0   0  21  73   0   0   0   4   0   0   0   0   0  23   0 119
1550   4   8 385   0   0   0   0   0   0   0   0 431   0   0  16  24   0   0   0   2   0   0   0   0   0  16   2 112
1553   0  26 194   0   4   0   4   0   0   0   0 345   0   0  34  71   0   0   0  10   0   2   0   0   0  38   2 270
1555  28  50 175   0   5   0   0   0   0   0   0  47   0   0  28 111   0   0   0  55   0   0   0   0   0 106  14 382
1558   7  19 128   0   1   0   8   0   0   0   0 139   0   0  46  86   0   3   0  23   0   0   0   0   0  68  12 460
1560  11  14 196   0   3   0   0   0   0   0   0 158   0   0  38 158   0   3   0  20   0   0   0   0   0  71  14 314
1563   0   6 154   0   0   0   0   0   0   0   0  44   0   0  74 596   0   0   0   0   0   6   0   0   0   6   0 114
1565   0   3 136   0   0   0   0   0   0   0   0  24   0   0  72 640   0   5   0   0   0   5   0   0   0  16   3  97
1568   6  12 208   0   0   0   3   0   0   0   0  27   0   0 149 480   0   9   0   3   0   9   0   0   0   3   0  89
1570  23   8 121   0   0   0  11   0   0   0   0   0   0   0 288 485   0  11   0   6   0   3   0   0   0   8   6  29
1575   2  17 191   0   7   0   5   0   0   0   0  12   0   0 248 471   0  15   0   0   0   0   0   0   0   2   0  27
1580   7   7 163   0   7   0   7   0   0   0   0   7   0   0 159 555   0  22   0   4   0   4   0   0   0   0   4  52
1585   2   2  78   0   2   0   0   0   0   0   0   7   0   0 239 598   0  11   0   2   0   0   0   0   0   2   0  57
1590 118   3 142   0   9   0   0   0   0   0   0   9   0   0 182 446   0  11   0   6   0   3   0   0   0   6   0  64
1595   4  17 176   0  13   0   0   0   0   0   0   9   0   0 353 345   0  27   0   4   0   4   0   0   0   0   4  44
1598 110  35 147   0  49   0   7   0   5   0   0   2   0   0 339 221   0  37   0   2   0   2   0   0   0   0   0  42
1599 140  74 107   0  77   0   5   0   0   0   0  13   0   0 297 156   0  33   0   3   0   0   0   0   0   3   3  88
1600 163  69  95   0  77   0  11   0   0   0   0   7   0   0 292 182   0  48   0   4   0   4   0   0   0  11   0  36
1603 213 129  37   0 208   0  26   0  14   0   0   3   0   0 192  52   0  88   0   0   0   8   0   0   0   2   2  26
1604 203 158  37   0 262   0   7   0   9   0   0   0   0   0 137  52   0 108   0   0   0   7   0   0   0   2   0  17
1605 197 165  39   0 217   0   8   0  14   0   0   0   0   0 173  33   0  90   0   3   0  19   0   0   0   0   0  41
1610 292 146  25   0 230   0  14   0   5   0   0   0   0   0 143  28   0  84   0   3   0   8   0   0   0   0   0  20
1615 199 203  20   0 240   0  33   0   4   0   0   0   0   0  97  29   0 151   0   0   0   8   0   0   0   4   0  12
1620 102 263  36   0 342   0  26   0  10   0   0   0   0   0  92  13   0  95   0  10   0   3   0   0   0   3   0   6
1625  68 240  38   0 367   0  44   0  14   0   0   0   0   0  55  17   0 123   0   0   0  11   0   0   0   3   0  21
1630 162 132  39   0 399   0  56   0   6   0   0   0   0   0  75  10   0  99   0   0   3   3   0   0   0   3   0  13
1635 164 144  23   0 456   0  45   3  17   0   0   0   0   0  34  14   0  82   0   0   0  12   0   0   0   0   0   8
1640 133 157   3   0 381   0 161   0  21   0   0   0   0   0  32   3   0  73   0   0   0  14   0   0   0   0   0  21
1645 130 155   6   0 426   0 166   0  16   0   0   0   0   0  35  13   0  38   0   0   0   6   0   0   0   0   0   9
1650 202 112   7   0 392   0 155   0   9   0   0   0   0   0  51  13   0  39   0   0   0  13   0   0   0   0   0   7
1655 179 110   8   0 410   0 134   0  26   0   0   0   0   0  34   5   0  76   0   3   0   3   0   0   0   3   0   8
1660 151 125   5   0 355   0 195   0  16   0   0   0   0   0  33   3   0  98   0   3   0   8   0   0   0   0   0   8
1665 108  68   5   0 464   0 237   0  17   0   0   0   0   0   9  12   0  71   0   0   0   2   0   0   0   0   0   7
1670 164 139  11   0 347   0 239   3   8   0   0   0   0   0  22  14   0  42   0   0   0   5   0   0   0   0   0   5
1675  67  93   7   0 507   0 189   0  26   0   0   2   0   0   7  13   0  76   0   0   2   5   0   0   0   0   0   4
1680  17  89   2   0 491   0 244   0   4   0   0   0   0   0   8   9   0 121   0   0   0  11   0   0   0   0   0   2
1685  22  89   9   0 467   0 224   0  19   0   0   0   0   0  24   9   0 119   0   0   0  14   0   0   0   0   0   3
1690  37 102   6   0 503   0 173   0  17   0   0   2   0   0  19  10   0 119   0   0   0   8   0   0   0   0   0   4
1695  10 119   6   0 423   0 308   0  13   0   0   0   0   0   6   6   0  99   0   0   0   6   0   0   0   0   0   3
1700   0 106   0   0 513   0 239   0  15   0   0   0   0   0  23   0   0  95   0   4   0   4   0   0   0   0   0   0
1715   2  84   2   0 320   0 353   0  29   0   0   0   0   0   5   2   0 187   0   0   2   5   0   0   0   0   0   8
1720   4  61   0   0 164   0 524   0  23   0   0   0   0   0   4   4   0 196   0   0   0  14   0   0   0   0   0   4
1725   0  55   7   0  42   0 545   0  14   0   0   0   0   0   3   0   0 321   0   0   0   3   0   0   0   7   0   3
1730   0  61   9   0  37   0 569   0  24   0   0   0   0   0  31   9   0 230   0   0   0  13   0   0   0   3   0  13
1735   2  44   7   0   0   0 517   2  27   0   0   0   0   0  12   7   0 342   0   2   2  17   0   0   0   2   0  12
1740   2  62   0   0   5   0 564   0  19   0   0  11   0   0   6  11   0 298   0   0   0  16   0   0   0   0   0   5
1745   4  43   0   0   0   0 618   0  26   0   0   6   0   0  10  17   0 257   0   0   0  13   0   0   0   4   0   4
1750   0  55  25   0   3   0 524   0  59   0   0   0   0   0  19   3   0 303   0   0   0   8   0   0   0   0   0   0
1755   0  70   6   0   0   0 491   0  68   0   0   0   0   0   8   8   0 317   0   0   0  19   0   0   0   0   0  13
1760   0  70   3   0   0   0 557   0  49   0   0   0   0   0  13  13   0 285   0   0   0   6   0   0   0   0   0   6
1765   0  47   6   0   0   0 591   0  27   0   0   3   0   0  17  20   0 259   0   0   0   6   0   0   0   0   0  23
1770   0  18  18   0   0   0 747   0  21   0   0   0   0   0  15   6   0 153   0   4   0   0   0   0   0   4   0  15
1775   0  22   6   0   0   0 650   0  18   0   0   4   0   0   6  18   0 238   0   2   2  25   0   0   0   0   0   9
1780   0  14   3   0   0   0 693   0  12   0   0   0   0   0   5   7   0 243   0   0   3  17   0   0   0   1   0   1
1785   2   4   6   0   0   0 569   0  28   0   0   2   0   0   8  12   0 328   0   0   0  28   0   0   0   0   0  12
1790   0   0  15   0   0   0 621   0  22   0   0   4   0   0   0  11   0 289   0   0   4  29   0   0   0   0   0   4
1795   0   0  13   0   0   0 649   0  47   0   0   5   0   0   0  20   0 222   0   0   0  27   0   0   0   4   0  11
1800   0  12  12   0   0   0 649   0  20   0   0   4   0   0   6  16   0 251   0   2   0  16   0   0   0   0   0  12
1803  18  44  15   0  63   0 522   0  38   0   0   7   0   0  13  18   0 246   0   0   0   7   0   0   0   0   0   9
1805   0   2  42   0   0   0 113   0  73   0   0   4   0   0   0  42   0 621   0   6   0  80   0   0   0   0   2  15
1808   0  15 135   0   2   0 240   0  16   0   0  26   0   0  11 217   0 199   0   2   0 110   0   0   0   3   0  24
1810   0   0 245   0   0   0   0   0   4   0   0   4   0   0   0 454   0  13   0  13   0 180   0   0   0  38   0  48
1813   0   0 468   0   0   0   0   0   0   0   0 126   0   0   0 253   0   0   0  17   0   7   0   0   0  51   0  78
1815   0   0 501   0   0   0   0   0   0   0   0 132   0   0   0 215   0   0   0   3   0   0   0   0   0  49   3  98
1818   0   0 544   0   0   0   0   0   0   0   0 159   0   0   0  81   0   2   0   6   0   0   0   0   0  92   2 113
1820   0   0 230   0   0   0   0   0   0   0   0 347   0   0   0  40   0   0   0  29   0   0   0   0   0  69   5 281
1823   0   0  62   0   0   0   0   0   0   0   0 443   0   0   0  69   0   0   0  59   0   0   0   0   0 103  24 239
1825   0   0 124   0   0   0   0   0   0   0   0  34   0   0   0 186   0   0   0  96   0   0   0   0   0 149  19 392
1830   0   5 186   0   0   0   0   0   0   0   0   5   0   0   0  98   0   0   0 107   0   0   0   0   0  83  15 501
1835   0   8   8   0   0   0   0   8   0   0   0   8   0   0   0 293   0   0   0  44   0   0   0   0   0  58  97 475
1840   0   4  21   0   0   0   0   0   0   0   0  69   0   0   0 273   0   0   0  44   0   0   0   0   0  37  14 537
1845   0   0   8   0   0   0   0   0   0   0   0  16   0   0   0 468   0   0   0  16   0   0   0   0   0 103  32 357
1850   0  24  13   0   6   0   0   0   0   0   0  24   0   0   6 321   0   6   0  48   0   0   0   0   0  48  18 486
1855   0  21  29   0   0   0   0   0   0   0   0  56   0   0   0 399   0  21   0  21   0   0   0   0   0  56   7 392
1860   0   0  16   0   0   0   0   0   0   0   0  21   0   0   0 110   0   5   0  52   0   0   0   0   0  36   5 753
1865   0   0  12   0   0   0  12   0   0   0   0  32   0   0   0  90   0   4   0  20   0   0   0   0   0  51   0 779
