"","T_ann","T_ann_i","T_ann_s","P_ann","P_ann_i","P_ann_s"
"1",7.89905602207051,2.68905602207051,3.97094397792949,891.911932244476,310.911932244476,589.088067755524
"2",8.61316455617327,0.723164556173265,3.25683544382673,663.174577758851,109.174577758851,292.825422241149
"3",NA,NA,NA,NA,NA,NA
"4",9.05387629232558,1.18387629232558,3.90612370767442,755.052904093066,484.052904093066,371.947095906934
"5",NA,NA,NA,NA,NA,NA
"6",8.17622571169016,2.96622571169016,3.69377428830984,915.157508228129,290.157508228129,565.842491771871
"7",8.57483495881507,3.36483495881507,3.04516504118493,1041.40725259061,282.407252590608,439.592747409392
"8",8.690690201681,2.670690201681,2.479309798319,1245.85156291767,646.851562917666,989.148437082334
"9",9.82765102971395,2.02765102971395,3.46234897028605,1028.7086660772,429.708666077196,1119.2913339228
"10",10.002802525623,2.20280252562304,3.28719747437696,971.40766727729,372.40766727729,1176.59233272271
"11",11.5801661082069,3.35016610820692,1.70983389179308,582.06136618926,306.06136618926,323.93863381074
"12",11.8691784684255,3.60917846842555,1.42082153157445,666.364654172708,390.364654172708,239.635345827292
"13",13.021006517672,0.061006517672018,0.26899348232798,366.585435331175,90.5854353311747,399.414564668825
"14",12.96,1.77635683940025e-15,-1.77635683940025e-15,276,0,0
"15",12.96,1.77635683940025e-15,-1.77635683940025e-15,276,0,0
"16",12.96,0,0,276,0,0
"17",12.96,1.77635683940025e-15,-1.77635683940025e-15,276,5.6843418860808e-14,-5.6843418860808e-14
"18",12.96,0,0,276,0,0
"19",12.96,0,0,276,0,0
"20",13.0306868776521,0.070686877652081,0.259313122347917,380.959303180364,104.959303180364,385.040696819636
"21",13.0503383609728,0.0903383609728063,0.239661639027192,410.138778414168,134.138778414168,355.861221585832
"22",NA,NA,NA,NA,NA,NA
"23",NA,NA,NA,NA,NA,NA
"24",NA,NA,NA,NA,NA,NA
"25",NA,NA,NA,NA,NA,NA
"26",-1.17765017511531,11.6523498248847,9.9576501751153,578.164269156417,400.164269156417,350.835730843583
"27",-2.24577672861133,10.5842232713887,7.04577672861133,635.866569072184,457.866569072184,377.133430927816
"28",6.95163821696424,4.92163821696425,1.87836178303576,778.920660701391,236.920660701391,246.079339298609
"29",NA,NA,NA,NA,NA,NA
"30",NA,NA,NA,NA,NA,NA
"31",NA,NA,NA,NA,NA,NA
"32",NA,NA,NA,NA,NA,NA
"33",5.91358568877886,4.60358568877886,5.37641431122114,741.943551651383,238.943551651383,373.056448348617
"34",5.72756781096444,4.41756781096444,5.56243218903556,831.379791586587,328.379791586587,283.620208413413
"35",1.06843280129062,13.1684328012906,7.68156719870938,735.035454260378,580.035454260378,379.964545739622
"36",0.455295515257347,12.5552955152573,3.43470448474265,697.746930395338,542.746930395338,394.253069604662
"37",5.7196205917885,4.4096205917885,5.5703794082115,828.85647734202,325.85647734202,286.14352265798
"38",1.08950455005338,13.1895045500534,7.66049544994662,735.547089477925,580.547089477925,379.452910522075
"39",0.173056421621148,12.2730564216211,3.71694357837885,688.035304128564,533.035304128564,403.964695871436
"40",1.85152525140035,13.9515252514003,7.02847474859965,752.469435659023,597.469435659023,362.530564340977
"41",5.40738598927156,4.09738598927156,5.88261401072844,738.979004994136,235.979004994136,376.020995005864
"42",6.57466305903655,5.80466305903655,8.14533694096345,654.245215634429,269.245215634429,178.754784365571
"43",13.710644350819,7.16064435081901,4.00935564918099,477.903152735931,248.903152735931,272.096847264069
"44",NA,NA,NA,NA,NA,NA
"45",13.2809094112694,5.80090941126937,4.84909058873063,506.271743479629,277.271743479629,243.728256520371
"46",13.8097769327548,6.32977693275476,4.15022306724524,438.75793416255,224.75793416255,155.24206583745
"47",13.1172022105164,6.56720221051644,4.60279778948356,478.413050202939,249.413050202939,271.586949797061
"48",5.27749502286678,16.4974950228668,12.4225049771332,546.428436274287,404.428436274287,168.571563725713
"49",9.20364419631902,8.43364419631902,8.49635580368098,538.700068243532,153.700068243532,176.299931756468
"50",12.5024301549868,5.9724301549868,5.2175698450132,468.835454955971,239.835454955971,281.164545044029
"51",12.9982264144976,5.5182264144976,4.9017735855024,434.212970359967,220.212970359967,172.787029640033
"52",2.42905779978139,13.6490577997814,6.50094220021861,741.793027767748,599.793027767748,279.206972232252
"53",1.5741378547806,12.7941378547806,7.3558621452194,697.393418825928,555.393418825928,311.606581174072
"54",2.71023579773628,13.9302357977363,12.0097642022637,669.254971402602,527.254971402602,339.745028597398
"55",3.88179320062785,3.11179320062785,7.40820679937215,717.706161408311,214.706161408311,209.293838591689
"56",2.34843415263456,13.5684341526346,6.58156584736544,737.617479043207,595.617479043207,283.382520956793
"57",NA,NA,NA,NA,NA,NA
"58",2.7511134856396,13.9711134856396,8.5388865143604,662.944143016537,520.944143016537,264.055856983463
"59",2.37948299799303,13.599482997993,6.55051700200697,736.852584069963,594.852584069963,284.147415930037
"60",NA,NA,NA,NA,NA,NA
"61",2.34150346114749,13.5615034611475,6.58849653885251,736.111992459454,594.111992459454,284.888007540546
"62",2.36208256266042,13.5820825626604,6.56791743733958,727.850874084092,585.850874084092,293.149125915908
"63",2.49744395031124,13.7174439503112,6.43255604968876,744.210373552307,602.210373552307,276.789626447693
"64",0.572726935748713,13.2427269357487,5.04727306425129,544.889011343118,388.889011343118,165.110988656882
"65",0.0346636651436997,12.8646636651437,5.5853363348563,541.447128009694,385.447128009694,168.552871990306
"66",2.41950630290765,13.6395063029076,6.51049369709235,740.158135506763,598.158135506763,280.841864493237
"67",3.89358540451613,3.12358540451613,6.48641459548387,708.002922339293,166.002922339293,218.997077660707
"68",2.47167650881264,13.6916765088126,6.45832349118736,732.334740703349,590.334740703349,288.665259296651
"69",-0.0239299187003594,11.7560700812996,5.64392991870036,550.990216840749,409.990216840749,180.009783159251
"70",1.48519820941413,13.3251982094141,4.13480179058587,617.232718829129,456.232718829129,113.767281170871
"71",1.81379502698126,13.6537950269813,3.80620497301874,596.893438718264,435.893438718264,134.106561281736
"72",2.4213105199807,13.6413105199807,6.5086894800193,740.540183879499,598.540183879499,280.459816120501
"73",4.91800313409081,16.1380031340908,12.7819968659092,650.639570078177,508.639570078177,358.360429921823
"74",0.610438362373818,13.2804383623738,10.0595616376262,500.802682211275,344.802682211275,322.197317788725
"75",1.87190211873303,14.541902118733,8.79809788126697,566.371276818659,410.371276818659,256.628723181341
"76",0.885337974804826,13.7153379748048,4.73466202519517,599.275980553888,421.275980553888,110.724019446112
"77",-0.663971119456806,12.1660288805432,5.28397111945681,607.192517370841,429.192517370841,107.807482629159
"78",1.74614112992335,13.5861411299234,3.87385887007665,595.92360249206,434.92360249206,135.07639750794
"79",-0.229246472158864,11.5507535278411,5.84924647215886,556.082298474962,415.082298474962,174.917701525038
"80",1.55672701345747,12.7767270134575,7.37327298654253,696.641637645587,554.641637645587,312.358362354413
"81",2.36590057348417,13.5859005734842,6.56409942651583,728.099449859102,586.099449859102,292.900550140898
"82",2.40709897184437,13.6270989718444,6.52290102815563,740.365511809171,598.365511809171,280.634488190829
"83",2.4760791461919,13.6960791461919,6.4539208538081,731.363420804868,589.363420804868,289.636579195132
"84",2.41894789235375,13.6389478923538,6.51105210764625,728.78952626445,586.78952626445,292.21047373555
"85",5.02,0,0,542,0,0
"86",2.50772285050766,13.7277228505077,9.80227714949234,849.36167612708,707.36167612708,799.63832387292
"87",5.03108822281414,16.2510882228141,9.68891177718586,569.360240180576,427.360240180576,357.639759819424
"88",NA,NA,NA,NA,NA,NA
"89",6.91886423521648,6.14886423521648,7.80113576478352,632.151833352113,247.151833352113,294.848166647887
"90",10.8262546483309,6.00625464833086,6.89374535166914,543.353360205478,314.353360205478,206.646639794522
"91",-1.20180439270852,11.6281956072915,11.8718043927085,464.296781941232,312.296781941232,358.703218058768
"92",NA,NA,NA,NA,NA,NA
"93",1.5431322416158,13.3831322416158,9.1268677583842,786.169616467611,625.169616467611,1776.83038353239
"94",4.66625608439479,3.93625608439479,3.91374391560521,1006.69130229772,618.691302297724,1353.30869770228
"95",2.23742013246697,12.867420132467,6.36257986753303,451.668785576918,127.668785576918,101.331214423082
"96",3.75320341684585,3.14320341684585,4.82679658315415,574.504422240463,186.504422240463,454.495577759537
"97",5.66539499940714,4.35539499940714,5.62460500059286,836.780372170893,333.780372170893,278.219627829107
"98",1.26653338898619,12.4865333889862,7.48346661101381,652.92830891431,510.92830891431,274.07169108569
"99",1.34528381069601,14.015283810696,9.32471618930399,552.255102647881,396.255102647881,270.744897352119
"100",0.150318267758071,12.8203182677581,10.5196817322419,515.37032789274,359.37032789274,307.62967210726
"101",-0.152792829454746,11.6272071705453,5.77279282945475,559.240105823125,418.240105823125,171.759894176875
"102",1.21127523752753,13.8812752375275,9.45872476247247,572.519433315002,416.519433315002,250.480566684998
"103",7.48,0,0,588,0,0
"104",NA,NA,NA,NA,NA,NA
"105",-3.06135821808361,9.76864178191639,4.69135821808361,590.118392895326,412.118392895326,422.881607104674
"106",0.482266501123906,13.1522665011239,10.1877334988761,495.552959737111,343.552959737111,406.447040262889
"107",15.8748366811107,4.39483668111069,2.25516331888931,425.118472756173,210.118472756173,181.881527243827
"108",11.8771515021195,22.5071515021195,6.25284849788053,375.69128345857,160.69128345857,210.30871654143
"109",13.1118092537908,11.6018092537908,5.03819074620917,323.02832298766,76.0283229876604,166.97167701234
"110",1.08914825274083,6.96914825274083,6.86085174725917,603.38992827167,85.3899282716696,86.6100717283304
"111",NA,NA,NA,NA,NA,NA
"112",NA,NA,NA,NA,NA,NA
"113",NA,NA,NA,NA,NA,NA
"114",10.2952160123163,2.9152160123163,8.5347839876837,722.599625625996,418.599625625996,774.400374374004
"115",NA,NA,NA,NA,NA,NA
"116",9.64914637035823,5.00914637035823,9.18085362964177,767.909927169551,463.909927169551,729.090072830449
"117",10.289053767923,3.13905376792295,8.54094623207705,581.1146110751,277.1146110751,91.8853889248995
"118",9.89126664984606,5.25126664984606,8.93873335015394,675.983079942359,371.983079942359,349.016920057641
"119",8.4764358362733,2.3764358362733,0.933564163726697,791.768582942121,291.768582942121,1227.23141705788
"120",9.61680409985673,2.45680409985673,9.21319590014327,871.109411073864,567.109411073864,1147.89058892614
"121",9.98320966863437,2.75320966863437,8.84679033136563,904.502940704802,600.502940704802,1114.4970592952
"122",9.94771122769536,1.68771122769536,2.23228877230464,826.091725249792,170.091725249792,203.908274750208
"123",10.0106491988531,5.37064919885307,8.81935080114693,774.811462261933,470.811462261933,722.188537738067
"124",10.4615206916461,3.08152069164607,8.36847930835393,724.630127767719,420.630127767719,305.369872232281
"125",10.4631504181139,3.0831504181139,8.3668495818861,725.879482433792,421.879482433792,304.120517566208
"126",10.0427086590924,1.7827086590924,2.1372913409076,881.897051292883,28.8970512928834,24.1029487071166
"127",11.017360227918,3.637360227918,7.812639772082,622.205907271099,318.205907271099,283.794092728901
"128",5.00213798314034,5.57213798314034,3.89786201685966,1188.64828036455,620.648280364549,1598.35171963545
"129",0.20005809592883,7.38005809592883,8.70994190407117,788.625523931354,436.625523931354,232.374476068646
"130",-2.40213660981214,10.4278633901879,7.20213660981214,637.349314876411,459.349314876411,375.650685123589
"131",-1.09709651930387,11.7329034806961,9.87709651930387,596.254195745961,418.254195745961,332.745804254039
"132",-0.782096807271004,12.047903192729,9.562096807271,611.0876304771,433.0876304771,317.9123695229
"133",0.103368806204512,9.02336880620451,8.67663119379549,618.626907282759,347.626907282759,310.373092717241
"134",-2.26979183304803,10.560208166952,3.89979183304803,613.126388001697,435.126388001697,399.873611998303
"135",-3.6685497019042,9.1614502980958,5.0585497019042,518.58158747852,340.58158747852,191.41841252148
"136",-12.47,0,0,152,0,0
"137",-3.89268001684201,8.93731998315799,10.752680016842,544.873895278465,392.873895278465,766.126104721535
"138",NA,NA,NA,NA,NA,NA
"139",-0.721069275026521,11.9489307249735,11.3910692750265,495.305747449001,339.305747449001,327.694252550999
"140",11.2514081459091,6.43140814590915,6.87859185409085,536.353362656227,307.353362656227,213.646637343773
"141",1.51,-2.22044604925031e-16,2.22044604925031e-16,290,0,0
"142",1.33001588471268,0.23001588471268,0.17998411528732,299.657684234929,9.65768423492938,12.3423157650706
"143",1.33420099509586,0.234200995095863,0.175799004904137,299.43311733632,9.43311733631958,12.5668826636804
"144",9.39251243421065,7.88251243421065,8.73748756578935,254.42909551349,39.4290955134898,35.5709044865102
"145",1.51,0,0,290,0,0
"146",1.33352683760556,0.233526837605557,0.176473162394443,299.469291640677,9.4692916406774,12.5307083593226
"147",11.5255504696042,22.1555504696042,13.8544495303958,386.212168765585,332.212168765585,146.787831234415
"148",10.9296353429022,21.5596353429022,6.84036465709783,462.786955705783,138.786955705783,144.213044294217
"149",14.5072543876761,25.1372543876761,10.8727456123239,376.234563241051,322.234563241051,209.765436758949
"150",4.46958249492375,1.13958249492375,1.70041750507625,520.392031264704,74.392031264704,105.607968735296
"151",11.8555912335008,22.4855912335008,13.5244087664992,389.628640825114,335.628640825114,227.371359174886
"152",1.32385853162694,0.223858531626941,0.186141468373059,299.98807879075,9.98807879074951,12.0119212092505
"153",2.05519205536063,0.545192055360634,0.584807944639366,317.018367345306,27.0183673453058,28.9816326546942
"154",1.32759507259921,0.227595072599208,0.182404927400792,299.787581470286,9.7875814702864,12.2124185297136
"155",NA,NA,NA,NA,NA,NA
"156",NA,NA,NA,NA,NA,NA
"157",1.74296316361761,0.642963163617609,0.897036836382391,315.210020980753,25.2100209807533,30.7899790192467
"158",NA,NA,NA,NA,NA,NA
"159",2.64,0,0,346,0,0
"160",NA,NA,NA,NA,NA,NA
"161",NA,NA,NA,NA,NA,NA
"162",0.15086668617855,5.61086668617855,6.66913331382145,781.902738067632,187.902738067632,482.097261932368
"163",8.10258882163219,1.28258882163219,2.20741117836781,676.585443980065,176.585443980065,181.414556019935
"164",5.86714657738382,5.94714657738382,2.65285342261618,718.375977730483,124.375977730483,454.624022269517
"165",7.78983290797423,2.60983290797423,2.52016709202577,689.189060790568,189.189060790568,168.810939209432
"166",7.01250144896886,7.09250144896886,1.50749855103114,807.21687259662,192.21687259662,365.78312740338
"167",NA,NA,NA,NA,NA,NA
"168",7.26239566142763,7.34239566142763,3.18760433857237,760.968659251229,127.968659251229,97.0313407487712
"169",7.62111926856853,7.70111926856853,2.68888073143147,707.517677040683,111.517677040683,150.482322959317
"170",6.90350919840897,6.98350919840897,3.40649080159103,760.097605133703,164.097605133703,97.9023948662971
"171",3.44690002572938,3.52690002572938,3.79309997427062,715.872514265772,82.8725142657723,89.1274857342277
"172",5.10494138201845,5.18494138201845,2.92505861798155,754.655836258256,121.655836258256,68.344163741744
"173",3.02196908856453,3.10196908856453,4.21803091143547,705.887798255888,72.8877982558878,99.1122017441122
"174",10.4142133918712,1.28421339187118,1.76578660812882,733.319294299182,77.3192942991816,119.680705700818
"175",9.93460064509218,2.13460064509218,2.43539935490782,1390.43796724171,595.437967241715,757.562032758285
"176",12.37,0,0,795,0,0
"177",10.9191602078395,21.5491602078395,8.4908397921605,428.919446354425,249.919446354425,395.080553645575
"178",9.2640320301811,19.8940320301811,16.1159679698189,360.474026361574,306.474026361574,172.525973638426
"179",NA,NA,NA,NA,NA,NA
"180",1.73567768649162,0.635677686491622,0.904322313508378,314.512967085765,24.5129670857648,31.4870329142352
"181",1.51,0,0,290,0,0
"182",13.1606005074873,11.6506005074873,4.98939949251266,330.487499569944,76.4874995699436,159.512500430056
"183",7.03294494693833,7.11294494693833,1.48705505306167,738.311410276619,142.311410276619,434.688589723381
"184",6.92835455236744,7.00835455236744,3.38164544763256,717.405046287228,121.405046287228,140.594953712772
"185",1.33799634472982,0.237996344729822,0.172003655270178,299.229464429132,9.22946442913155,12.7705355708684
"186",NA,NA,NA,NA,NA,NA
"187",13.4459263451899,16.1059263451899,5.92407365481014,434.063909247151,255.063909247151,389.936090752849
"188",-4.39549023300581,6.23450976699419,5.90549023300581,306.539264244003,16.5392642440031,17.4607357559969
"189",6.17,0,0,626,0,0
"190",1.31297970351515,0.212979703515153,0.197020296484846,300.571820786992,10.5718207869917,11.4281792130083
"191",4.98348893850879,1.32348893850879,1.18651106149121,540.911557343259,94.9115573432595,85.0884426567405
"192",5.04976327816495,1.38976327816495,1.12023672183505,545.664298832546,99.6642988325459,80.3357011674541
"193",1.45965064852961,1.70965064852961,1.30034935147039,972.506381735129,404.506381735129,452.493618264871
"194",NA,NA,NA,NA,NA,NA
"195",7.52100113589692,2.50100113589692,4.26899886410308,634.764613806667,222.764613806667,377.235386193333
"196",-1.71904357881441,10.9509564211856,12.3890435788144,447.612623490181,295.612623490181,375.387376509819
"197",NA,NA,NA,NA,NA,NA
"198",-0.301307254010894,12.3686927459891,7.16130725401089,511.458064325008,359.458064325008,799.541935674992
"199",13.8442148768527,24.4742148768527,11.5357851231473,416.53792323585,362.53792323585,169.46207676415
"200",12.9363518933542,23.5663518933542,12.4436481066458,430.567219506393,376.567219506393,176.432780493607
"201",15.3139033871521,13.8039033871521,2.83609661284794,347.903462790543,132.903462790543,238.096537209457
"202",NA,NA,NA,NA,NA,NA
"203",NA,NA,NA,NA,NA,NA
"204",13.9593369206546,24.5893369206546,11.4206630793454,406.402218799428,352.402218799428,210.597781200572
"205",14.782034433499,25.412034433499,10.597965566501,416.934143121059,362.934143121059,116.065856878941
"206",16.6171930773399,5.03719307733993,1.53280692266007,364.892994037938,117.892994037938,221.107005962062
"207",NA,NA,NA,NA,NA,NA
"208",NA,NA,NA,NA,NA,NA
"209",NA,NA,NA,NA,NA,NA
"210",NA,NA,NA,NA,NA,NA
"211",5.14240970596527,5.22240970596527,2.02759029403473,1232.11848613994,599.118486139935,336.881513860065
"212",-0.08,0,0,633,0,0
"213",4.6760783383607,4.7560783383607,2.4939216616393,1158.20082285577,525.200822855773,410.799177144227
"214",5.81072311279839,2.16072311279839,1.35927688720161,1138.85151325937,338.851513259375,430.148486740625
"215",13.33,0,0,1822,0,0
"216",12.7311160492993,2.90111604929929,4.59888395070071,455.838428894854,133.838428894854,398.161571105146
"217",13.3056628334483,3.47566283344831,4.12433716655169,456.983950197109,134.983950197109,397.016049802891
"218",14.9671379370792,5.13713793707918,2.69286206292082,499.070209585462,189.070209585462,642.929790414538
"219",15.0449897820184,5.21498978201838,2.61501021798162,423.17953730808,113.17953730808,149.82046269192
"220",14.5452885972626,4.71528859726257,3.11471140273743,415.76836723677,105.76836723677,157.23163276323
"221",15.1187942951221,5.28879429512215,2.54120570487785,420.988532397422,110.988532397422,152.011467602578
"222",NA,NA,NA,NA,NA,NA
"223",14.9367578986693,5.10675789866926,2.72324210133074,496.057133502918,186.057133502918,645.942866497082
"224",NA,NA,NA,NA,NA,NA
"225",NA,NA,NA,NA,NA,NA
"226",NA,NA,NA,NA,NA,NA
"227",15.4515542288946,3.50155422889461,2.20844577110539,507.003017880015,197.003017880015,634.996982119985
"228",15.74,0,0,396,0,0
"229",15.74,0,0,396,0,0
"230",14.9589231957511,4.50892319575115,2.70107680424885,521.340256029841,211.340256029841,620.659743970159
"231",NA,NA,NA,NA,NA,NA
"232",15.74,-1.77635683940025e-15,1.77635683940025e-15,396,0,0
"233",NA,NA,NA,NA,NA,NA
"234",13.1501330047871,0.190133004787093,0.139866995212905,558.318704077804,282.318704077804,207.681295922196
"235",8.26,0,0,906,0,0
"236",12.1665129091725,3.90651290917254,1.12348709082746,554.517435760789,278.517435760789,351.482564239211
"237",8.26,0,0,906,0,0
"238",10.8520553538545,2.59205535385447,2.43794464614552,833.855318182977,67.8553181829768,72.1446818170232
"239",13.0724726280784,0.112472628078356,0.217527371921642,443.004811389075,167.004811389075,322.995188610925
"240",10.3635133157957,2.10351331579568,2.92648668420432,847.452909699524,81.4529096995236,58.5470903004764
"241",10.0613260675297,1.80132606752974,3.22867393247026,855.86368798128,89.8636879812796,50.1363120187204
"242",10.7646915527302,2.50469155273024,2.52530844726976,836.286915033353,70.2869150333531,69.7130849666469
"243",13.0836849649539,0.123684964953885,0.206315035046114,459.653432810316,183.653432810316,306.346567189684
"244",12.96,1.77635683940025e-15,-1.77635683940025e-15,276,0,0
"245",13.0591187089347,0.0991187089346734,0.230881291065325,423.176264781787,147.176264781787,342.823735218213
"246",12.96,0,0,276,5.6843418860808e-14,-5.6843418860808e-14
"247",8.26,0,0,906,1.13686837721616e-13,-1.13686837721616e-13
"248",13.29,-1.77635683940025e-15,1.77635683940025e-15,766,1.13686837721616e-13,-1.13686837721616e-13
"249",13.0577261187213,0.0977261187213117,0.232273881278687,421.10847931346,145.10847931346,344.89152068654
"250",13.0618838792138,0.101883879213817,0.228116120786181,427.282123681122,151.282123681122,338.717876318878
"251",11.5327841800108,3.27278418001077,1.75721581998923,684.667712418701,408.667712418701,221.332287581299
"252",NA,NA,NA,NA,NA,NA
"253",12.37,0,0,795,0,0
"254",1.51,0,0,290,0,0
"255",6.17,-8.88178419700125e-16,8.88178419700125e-16,626,0,0
"256",0.627577043154412,6.82757704315441,4.17242295684559,582.658324209795,199.658324209795,244.341675790205
"257",-1.10366136139417,7.81633863860583,5.90366136139417,587.117635738786,316.117635738786,333.882364261214
"258",6.11623337959594,1.09623337959594,2.36376662040406,690.910314569391,148.910314569391,321.089685430609
"259",9.92653918567901,4.90653918567901,5.14346081432099,580.755520383157,168.755520383157,431.244479616843
"260",12.2041065502825,7.18410655028249,5.92589344971751,532.833185015976,303.833185015976,217.166814984024
"261",NA,NA,NA,NA,NA,NA
"262",12.3117163897055,5.78171638970548,5.40828361029452,486.933406121527,257.933406121527,263.066593878473
"263",13.3922325124836,6.86223251248356,4.32776748751643,455.418064858801,226.418064858801,294.581935141199
"264",13.3912943612774,5.9112943612774,4.5687056387226,445.106694693288,231.106694693288,161.893305306712
"265",13.122086187487,6.59208618748695,4.59791381251305,448.992627469494,219.992627469494,301.007372530506
"266",12.8385027424902,5.35850274249019,5.12149725750981,444.254662380275,230.254662380275,143.745337619725
"267",5.13712548494481,3.82712548494481,6.15287451505519,825.169664945862,322.169664945862,289.830335054138
"268",1.88964293302042,13.9896429330204,6.86035706697958,782.498453130724,627.498453130724,332.501546869276
