depth	min	max	median	mean
0	-70	380	76	102
1	-44	408	105	129
2	-30	437	136	156
3	-17	466	168	182
4	-6	496	197	209
5	4	526	225	236
6	35	541	253	264
7	56	559	284	292
8	71	583	316	320
9	84	616	350	348
10	95	654	382	376
11	142	666	408	404
12	184	677	435	431
13	213	693	463	458
14	237	719	492	486
15	260	743	519	513
16	321	756	541	539
17	368	769	563	565
18	408	791	588	591
19	438	820	614	617
20	461	860	637	643
21	540	872	670	681
22	593	894	708	718
23	625	919	747	756
24	646	965	786	793
25	667	1051	821	831
26	833	1149	963	970
27	983	1247	1107	1110
28	1123	1368	1252	1249
29	1236	1521	1397	1389
30	1339	1691	1540	1528
31	1424	1737	1591	1585
32	1470	1795	1643	1641
33	1502	1873	1701	1697
34	1525	1959	1758	1753
35	1540	2059	1813	1809
36	1627	2075	1850	1849
37	1699	2090	1885	1888
38	1752	2120	1924	1928
39	1791	2180	1965	1967
40	1828	2252	2005	2007
41	1884	2275	2061	2062
42	1924	2308	2120	2117
43	1948	2373	2174	2172
44	1966	2470	2232	2227
45	1981	2576	2284	2282
46	2077	2594	2329	2329
47	2166	2614	2369	2377
48	2240	2635	2415	2424
49	2301	2663	2461	2472
50	2345	2709	2506	2519
51	2391	2740	2556	2565
52	2421	2786	2611	2611
53	2446	2845	2664	2657
54	2464	2919	2710	2703
55	2480	3005	2750	2749
56	2574	3021	2793	2795
57	2660	3040	2836	2840
58	2730	3068	2882	2886
59	2780	3104	2928	2932
60	2808	3157	2973	2977
61	2841	3191	3008	3011
62	2866	3236	3044	3046
63	2883	3306	3077	3080
64	2894	3379	3107	3114
65	2901	3461	3137	3148
66	2941	3494	3173	3184
67	2965	3527	3210	3220
68	2982	3569	3248	3256
69	3002	3628	3281	3292
70	3013	3688	3316	3328
71	3045	3712	3353	3362
72	3068	3741	3389	3396
73	3087	3770	3425	3430
74	3104	3809	3460	3465
75	3122	3870	3494	3499
76	3183	3889	3527	3533
77	3232	3911	3564	3567
78	3261	3937	3599	3601
79	3284	3966	3639	3634
80	3307	4000	3676	3668
81	3352	4021	3709	3702
82	3389	4041	3744	3735
83	3420	4072	3777	3768
84	3449	4110	3811	3802
85	3473	4151	3845	3835
86	3531	4171	3879	3870
87	3569	4189	3914	3906
88	3611	4214	3951	3942
89	3647	4242	3992	3977
90	3671	4279	4029	4013
91	3735	4292	4064	4049
92	3802	4310	4098	4085
93	3851	4330	4135	4122
94	3888	4354	4172	4158
95	3920	4389	4211	4194
96	3959	4400	4233	4218
97	3991	4410	4256	4242
98	4016	4423	4279	4266
99	4035	4448	4304	4290
100	4059	4486	4324	4314
101	4078	4498	4340	4330
102	4101	4516	4355	4346
103	4120	4537	4370	4362
104	4134	4563	4384	4378
105	4150	4591	4398	4394
106	4176	4602	4413	4410
107	4196	4614	4430	4426
108	4212	4632	4446	4442
109	4225	4649	4462	4458
110	4236	4677	4477	4474
111	4266	4688	4492	4490
112	4289	4698	4508	4506
113	4309	4712	4525	4522
114	4326	4730	4540	4538
115	4339	4752	4556	4554
116	4365	4761	4572	4569
117	4383	4774	4589	4585
118	4401	4789	4604	4600
119	4416	4805	4620	4616
120	4430	4828	4636	4632
121	4458	4839	4649	4647
122	4482	4849	4663	4662
123	4499	4865	4679	4677
124	4515	4885	4693	4692
125	4526	4907	4708	4707
126	4552	4920	4722	4722
127	4574	4931	4737	4737
128	4594	4951	4753	4752
129	4609	4970	4770	4767
130	4624	4994	4787	4782
131	4648	5013	4814	4810
132	4668	5039	4838	4838
133	4686	5080	4861	4866
134	4697	5144	4884	4894
135	4708	5216	4907	4922
136	4743	5231	4940	4954
137	4772	5257	4974	4986
138	4796	5302	5006	5018
139	4813	5358	5038	5050
140	4825	5426	5066	5083
141	4857	5438	5096	5111
142	4876	5461	5125	5139
143	4893	5487	5158	5167
144	4908	5516	5188	5195
145	4923	5561	5215	5223
146	4971	5576	5250	5255
147	5003	5594	5285	5288
148	5031	5614	5322	5321
149	5050	5647	5358	5353
150	5069	5689	5393	5386
151	5119	5699	5423	5417
152	5161	5715	5453	5448
153	5194	5735	5488	5479
154	5218	5757	5522	5510
155	5231	5792	5554	5541
156	5294	5801	5584	5573
157	5345	5810	5614	5604
158	5398	5829	5644	5635
159	5434	5843	5676	5667
160	5463	5874	5709	5698
161	5535	5886	5741	5733
162	5596	5900	5776	5767
163	5638	5924	5813	5801
164	5674	5976	5844	5835
165	5690	6042	5873	5870
166	5736	6075	5911	5908
167	5767	6115	5950	5946
168	5792	6162	5987	5985
169	5808	6223	6027	6023
170	5821	6295	6062	6061
171	5890	6311	6100	6099
172	5940	6329	6139	6137
173	5978	6358	6177	6175
174	6008	6394	6219	6212
175	6025	6442	6257	6250
176	6118	6463	6290	6291
177	6202	6486	6326	6331
178	6259	6526	6364	6372
179	6292	6578	6404	6412
180	6310	6655	6443	6453
181	6345	6682	6485	6492
182	6368	6718	6526	6532
183	6387	6772	6566	6571
184	6400	6840	6606	6611
185	6411	6924	6642	6650
186	6474	6943	6680	6688
187	6521	6960	6718	6725
188	6552	6982	6761	6763
189	6576	7023	6803	6800
190	6595	7072	6844	6838
191	6667	7089	6876	6872
192	6720	7110	6907	6907
193	6756	7140	6943	6941
194	6783	7174	6977	6975
195	6804	7228	7006	7009
196	6828	7250	7031	7034
197	6849	7278	7056	7059
198	6864	7310	7080	7084
199	6878	7350	7103	7109
200	6890	7394	7126	7134
201	6925	7415	7156	7159
202	6950	7433	7182	7184
203	6969	7462	7207	7209
204	6987	7493	7232	7235
205	6998	7536	7258	7260
206	7036	7551	7281	7284
207	7061	7568	7306	7309
208	7077	7595	7330	7333
209	7089	7627	7357	7357
210	7107	7668	7380	7382
211	7142	7687	7402	7404
212	7171	7708	7423	7427
213	7191	7727	7447	7450
214	7208	7758	7470	7473
215	7224	7787	7495	7495
216	7264	7799	7516	7519
217	7297	7817	7539	7542
218	7326	7830	7560	7565
219	7349	7850	7583	7588
220	7366	7873	7605	7612
221	7446	7893	7636	7648
222	7508	7915	7669	7685
223	7557	7947	7703	7721
224	7582	8003	7740	7757
225	7599	8079	7776	7794
226	7685	8180	7891	7901
227	7719	8337	8001	8008
228	7745	8529	8107	8115
229	7765	8744	8209	8222
230	7787	8970	8311	8329
231	7974	9008	8424	8444
232	8096	9051	8547	8559
233	8186	9104	8680	8674
234	8255	9184	8817	8789
235	8323	9311	8942	8905
236	8590	9353	9040	9024
237	8782	9416	9148	9144
238	8886	9597	9264	9263
239	8952	9887	9365	9383
240	9004	10209	9466	9502
241	9117	10295	9573	9608
242	9162	10455	9685	9713
243	9205	10627	9786	9818
244	9242	10861	9877	9924
245	9270	11114	9966	10029
246	9376	11199	10073	10132
247	9457	11310	10179	10235
248	9515	11428	10294	10339
249	9552	11574	10398	10442
250	9596	11742	10492	10545
251	9689	11837	10606	10648
252	9756	11942	10728	10751
253	9821	12066	10840	10854
254	9873	12195	10941	10957
255	9918	12339	11033	11060
256	10037	12403	11134	11159
257	10144	12474	11242	11258
258	10220	12576	11336	11357
259	10274	12709	11440	11456
260	10330	12853	11537	11554
261	10474	12912	11646	11655
262	10588	12967	11747	11756
263	10700	13042	11843	11857
264	10775	13154	11943	11958
265	10842	13288	12047	12058
266	11014	13342	12154	12162
267	11134	13412	12268	12265
268	11221	13490	12385	12368
269	11296	13571	12495	12471
270	11356	13695	12608	12574
271	11480	13739	12711	12678
272	11595	13799	12827	12781
273	11702	13853	12937	12885
274	11791	13943	13054	12989
275	11848	14063	13157	13092
276	12054	14101	13254	13201
277	12239	14150	13357	13309
278	12370	14216	13465	13418
279	12483	14314	13586	13526
280	12568	14419	13691	13635
281	12822	14455	13778	13736
282	13054	14502	13863	13837
283	13266	14547	13953	13939
284	13412	14608	14045	14040
285	13518	14706	14145	14141
286	13697	14744	14204	14215
287	13853	14787	14267	14288
288	13935	14845	14333	14361
