/* DATA DESCRIPTION:
Citation:	Sirocko, Frank; Knapp, Hannes; Dreher, Frank; Förster, Michael W; Albert, Johannes; Brunck, Heiko; Veres, Daniel; Dietrich, Stephan; Zech, Michael; Hambach, Ulrich; Röhner, Marieke; Rudert, Saskia; Schwiebus, Klaus; Adams, Christel; Sigl, Petra (2016): Dust record of sediment core DE3. PANGAEA, https://doi.org/10.1594/PANGAEA.868664, 
	In supplement to: Sirocko, F et al. (2016): The ELSA-Vegetation-Stack: Reconstruction of Landscape Evolution Zones (LEZ) from laminated Eifel maar sediments of the last 60,000years. Global and Planetary Change, 142, 108-135, https://doi.org/10.1016/j.gloplacha.2016.03.005
Related to:	Brunck, Heiko; Sirocko, Frank; Albert, Johannes (2016): The ELSA-Flood-Stack: A reconstruction from the laminated sediments of Eifel maar structures during the last 60000 years. Global and Planetary Change, 142, 136-146, https://doi.org/10.1016/j.gloplacha.2015.12.003
	Förster, Michael W; Sirocko, Frank (2016): The ELSA tephra stack: Volcanic activity in the Eifel during the last 500,000 years. Global and Planetary Change, 142, 100-107, https://doi.org/10.1016/j.gloplacha.2015.07.012
	Sirocko, Frank (2016): The ELSA - Stacks (Eifel-Laminated-Sediment-Archive): An introduction. Global and Planetary Change, 142, 96-99, https://doi.org/10.1016/j.gloplacha.2016.03.011
Other version:	The ELSA Stacks - Online Resouce University of Mainz, Germany (URI: https://elsa-project.de/)
Coverage:	LATITUDE: 50.294400 * LONGITUDE: 6.506990
	MINIMUM ELEVATION: 565.0 m * MAXIMUM ELEVATION: 565.0 m
Event(s):	ELSA_DE3 (DE3) * LATITUDE: 50.294400 * LONGITUDE: 6.506990 * ELEVATION: 565.0 m * Recovery: 87 m * LOCATION: Dehner Maar, Eifel, Germany * METHOD/DEVICE: Drilling/drill rig (DRILL) * COMMENT: Gauß-Krüger coordinate system: 2536122/5573145
Comment:	ELSA dust core DE3 based on stratigraphy of Sirocko et al. (2016).
Parameter(s):	Age [ka b2k] (Age) * PI: Sirocko, Frank (sirocko@uni-mainz.de)
	Dust radius [km] (Dust radius) * PI: Sirocko, Frank (sirocko@uni-mainz.de)
License:	Creative Commons Attribution 3.0 Unported (CC-BY-3.0) (URI: https://creativecommons.org/licenses/by/3.0/)
Size:	15908 data points
*/
Age [ka b2k]	Dust radius [km]
12.878	9
12.879	13
12.880	12
12.882	4
12.883	11
12.884	11
12.886	15
12.887	14
12.888	15
12.889	14
12.891	14
12.892	15
12.893	15
12.895	16
12.896	16
12.897	14
12.899	13
12.900	11
12.902	9
12.904	12
12.906	10
12.908	14
12.911	8
12.913	14
12.915	14
12.917	11
12.919	11
12.921	14
12.924	13
12.926	11
12.928	8
12.930	12
12.932	4
12.934	9
12.937	13
12.939	14
12.941	13
12.943	14
12.945	15
12.947	13
12.950	12
12.952	11
12.954	12
12.956	12
12.958	14
12.960	9
12.963	12
12.965	10
12.967	15
12.969	10
12.971	14
12.973	11
12.976	10
12.978	13
12.980	9
12.982	11
12.984	12
12.986	14
12.989	12
12.991	13
12.993	11
12.995	13
12.997	4
12.999	12
13.002	14
13.004	9
13.006	13
13.008	9
13.010	14
13.012	15
13.015	10
13.017	13
13.019	11
13.021	13
13.023	9
13.025	13
13.028	8
13.030	11
13.032	14
13.034	13
13.036	12
13.038	10
13.040	11
13.043	13
13.045	13
13.047	14
13.049	11
13.051	15
13.053	12
13.056	12
13.058	12
13.060	11
13.062	13
13.064	15
13.066	14
13.069	14
13.071	13
13.073	13
13.075	13
13.077	13
13.079	10
13.082	0
13.084	8
13.086	7
13.088	11
13.090	13
13.092	8
13.095	14
13.097	10
13.099	11
13.101	13
13.103	14
13.105	9
13.108	9
13.110	12
13.112	14
13.114	15
13.116	14
13.118	15
13.121	14
13.123	14
13.125	12
13.127	14
13.129	13
13.131	9
13.134	13
13.136	11
13.138	11
13.140	11
13.142	12
13.144	14
13.147	12
13.149	9
13.151	11
13.153	13
13.155	14
13.157	14
13.160	10
13.162	12
13.164	11
13.166	14
13.168	13
13.170	13
13.173	13
13.175	11
13.177	12
13.179	14
13.181	14
13.183	7
13.186	13
13.188	10
13.190	6
13.192	12
13.194	14
13.196	11
13.199	14
13.201	12
13.203	13
13.205	12
13.207	14
13.209	12
13.212	14
13.214	12
13.216	13
13.218	11
13.220	5
13.222	12
13.225	10
13.227	14
13.229	15
13.231	13
13.233	10
13.235	10
13.237	14
13.240	9
13.242	13
13.244	6
13.246	14
13.248	11
13.250	13
13.253	13
13.255	13
13.257	12
13.259	12
13.261	5
13.263	12
13.266	11
13.268	12
13.270	11
13.272	11
13.274	12
13.276	14
13.279	12
13.281	13
13.283	11
13.285	12
13.287	9
13.289	12
13.292	10
13.294	13
13.296	13
13.298	13
13.300	14
13.302	13
13.305	5
13.307	13
13.309	13
13.311	10
13.313	13
13.315	13
13.318	13
13.320	13
13.322	8
13.324	13
13.326	13
13.328	14
13.331	13
13.333	11
13.335	13
13.337	12
13.339	13
13.341	12
13.344	13
13.346	12
13.348	12
13.350	10
13.352	11
13.354	9
13.357	11
13.359	13
13.361	14
13.363	10
13.365	12
13.367	13
13.370	14
13.372	13
13.374	10
13.376	13
13.378	14
13.380	12
13.383	9
13.385	5
13.387	11
13.389	13
13.391	12
13.393	11
13.396	10
13.398	9
13.400	11
13.402	13
13.404	10
13.406	10
13.409	2
13.411	7
13.413	12
13.415	12
13.417	12
13.419	11
13.421	10
13.424	10
13.426	13
13.428	15
13.430	13
13.432	9
13.434	10
13.437	10
13.439	14
13.441	14
13.443	14
13.445	10
13.447	11
13.450	10
13.452	11
13.454	13
13.456	11
13.458	10
13.460	13
13.463	14
13.465	11
13.467	8
13.469	13
13.471	6
13.473	12
13.476	12
13.478	13
13.480	10
13.482	11
13.484	12
13.486	12
13.489	14
13.491	14
13.493	12
13.495	14
13.497	13
13.499	12
13.502	12
13.504	12
13.506	12
13.508	9
13.510	11
13.512	12
13.515	15
13.517	13
13.519	11
13.521	12
13.523	11
13.525	8
13.528	11
13.530	9
13.532	10
13.534	9
13.536	13
13.538	10
13.541	14
13.543	14
13.545	14
13.547	14
13.549	12
13.551	12
13.554	12
13.556	15
13.558	13
13.560	12
13.562	14
13.564	14
13.567	13
13.569	14
13.571	4
13.573	12
13.575	14
13.577	13
13.580	13
13.582	13
13.584	13
13.586	13
13.588	12
13.590	12
13.593	12
13.595	12
13.597	0
13.599	4
13.601	13
13.603	13
13.606	12
13.608	11
13.610	9
13.612	12
13.614	13
13.616	14
13.618	14
13.621	10
13.623	13
13.625	12
13.627	13
13.629	10
13.631	14
13.634	14
13.636	13
13.638	13
13.640	14
13.642	13
13.644	13
13.647	11
13.649	13
13.651	4
13.653	10
13.655	11
13.657	11
13.660	12
13.662	13
13.664	14
13.666	14
13.668	14
13.670	13
13.673	12
13.675	12
13.677	13
13.679	10
13.681	14
13.683	11
13.686	9
13.688	12
13.690	12
13.692	13
13.694	10
13.696	10
13.699	11
13.701	10
13.703	13
13.705	14
13.707	13
13.709	4
13.712	10
13.714	13
13.716	12
13.718	13
13.720	13
13.722	12
13.725	11
13.727	12
13.729	10
13.731	13
13.733	5
13.735	10
13.738	12
13.740	11
13.742	11
13.744	11
13.746	11
13.748	11
13.751	10
13.753	13
13.755	2
13.757	13
13.759	12
13.761	13
13.764	11
13.766	9
13.768	13
13.770	9
13.772	10
13.774	13
13.777	11
13.779	13
13.781	12
13.783	9
13.785	10
13.787	3
13.790	9
13.792	8
13.794	10
13.796	10
13.798	15
13.800	7
13.803	12
13.805	13
13.807	12
13.809	12
13.811	12
13.813	13
13.815	13
13.818	12
13.820	11
13.822	13
13.824	11
13.826	9
13.828	13
13.831	14
13.833	11
13.835	14
13.837	14
13.839	12
13.841	11
13.844	14
13.846	13
13.848	8
13.850	13
13.852	13
13.854	14
13.857	11
13.859	8
13.861	12
13.863	12
13.865	12
13.867	12
13.870	12
13.872	13
13.874	10
13.876	12
13.878	13
13.880	12
13.883	7
13.885	13
13.887	15
13.889	4
13.891	12
13.893	13
13.896	12
13.898	12
13.900	12
13.902	13
13.904	13
13.906	13
13.909	11
13.911	11
13.913	13
13.915	13
13.917	13
13.919	11
13.922	10
13.924	13
13.926	11
13.928	13
13.930	12
13.932	10
13.935	12
13.937	4
13.939	12
13.941	11
13.943	10
13.945	12
13.948	5
13.950	15
13.952	10
13.954	11
13.956	4
13.958	11
13.961	13
13.963	11
13.965	10
13.967	15
13.969	15
13.971	13
13.974	7
13.976	12
13.978	11
13.980	12
13.982	7
13.984	14
13.987	7
13.989	7
13.991	7
13.993	10
13.995	11
13.997	13
13.999	15
14.002	12
14.004	12
14.006	12
14.008	11
14.010	9
14.012	14
14.015	12
14.017	12
14.019	15
14.021	15
14.023	10
14.025	14
14.028	13
14.030	14
14.032	12
14.034	13
14.036	9
14.038	11
14.041	6
14.043	10
14.045	11
14.047	12
14.049	14
14.051	13
14.054	15
14.056	10
14.058	12
14.060	13
14.062	9
14.064	13
14.067	14
14.069	10
14.071	13
14.073	12
14.075	13
14.077	13
14.080	13
14.082	11
14.084	15
14.086	13
14.088	14
14.090	7
14.093	10
14.095	12
14.097	0
14.099	4
14.101	8
14.103	15
14.106	14
14.108	14
14.110	13
14.112	13
14.114	12
14.116	15
14.119	15
14.121	14
14.123	11
14.125	10
14.127	9
14.129	12
14.132	0
14.134	8
14.136	14
14.138	11
14.140	11
14.142	10
14.145	12
14.147	13
14.149	14
14.151	11
14.153	3
14.155	10
14.158	14
14.160	11
14.162	12
14.164	13
14.166	13
14.168	13
14.171	10
14.173	10
14.175	14
14.177	10
14.179	12
14.181	14
14.184	14
14.186	14
14.188	11
14.190	10
14.192	12
14.194	10
14.196	13
14.199	14
14.201	13
14.203	11
14.205	13
14.207	11
14.209	13
14.212	10
14.214	6
14.216	11
14.218	10
14.220	12
14.222	12
14.225	11
14.227	12
14.229	12
14.231	12
14.233	12
14.235	12
14.238	15
14.240	12
14.242	13
14.244	15
14.246	11
14.248	13
14.251	14
14.253	13
14.255	11
14.257	13
14.259	3
14.261	14
14.264	12
14.266	13
14.268	11
14.270	14
14.272	14
14.274	13
14.277	11
14.279	12
14.281	15
14.283	10
14.285	12
14.287	14
14.290	14
14.292	15
14.294	14
14.296	14
14.298	9
14.300	10
14.303	13
14.305	14
14.307	11
14.309	10
14.311	9
14.313	13
14.316	11
14.318	14
14.320	12
14.322	12
14.324	10
14.326	14
14.329	13
14.331	12
14.333	15
14.335	8
14.337	10
14.339	11
14.342	10
14.344	13
14.346	14
14.348	12
14.350	12
14.352	13
14.355	13
14.357	12
14.359	14
14.361	15
14.363	14
14.365	11
14.368	8
14.370	14
14.372	11
14.374	13
14.376	13
14.378	9
14.380	13
14.383	13
14.385	11
14.387	9
14.389	12
14.391	13
14.393	11
14.396	12
14.398	14
14.400	11
14.402	10
14.404	14
14.406	13
14.409	14
14.411	12
14.413	9
14.415	15
14.417	12
14.419	13
14.422	14
14.424	14
14.426	13
14.428	13
14.430	14
14.432	13
14.435	15
14.437	12
14.439	15
14.441	15
14.443	13
14.445	14
14.448	13
14.450	12
14.452	9
14.454	9
14.456	13
14.458	9
14.461	13
14.463	8
14.465	14
14.467	11
14.469	13
14.471	12
14.474	11
14.476	15
14.478	12
14.480	12
14.482	12
14.484	13
14.487	15
14.489	7
14.491	14
14.493	10
14.495	12
14.497	2
14.500	12
14.502	12
14.504	12
14.506	14
14.508	13
14.510	11
14.513	14
14.515	13
14.517	8
14.519	11
14.521	10
14.523	12
14.526	13
14.528	14
14.530	14
14.532	13
14.534	7
14.536	10
14.539	14
14.541	13
14.543	9
14.545	13
14.547	13
14.549	14
14.552	15
14.554	12
14.556	9
14.558	10
14.560	10
14.562	12
14.565	9
14.567	13
14.569	9
14.571	13
14.573	12
14.575	14
14.577	9
14.580	14
14.582	11
14.584	10
14.586	12
14.588	15
14.590	14
14.593	12
14.595	11
14.597	13
14.599	15
14.601	10
14.603	11
14.606	11
14.608	15
14.610	13
14.612	14
14.614	14
14.616	14
14.619	15
14.621	15
14.623	11
14.625	10
14.627	13
14.629	11
14.632	13
14.634	12
14.636	14
14.638	11
14.640	11
14.642	12
14.645	13
14.647	11
14.649	12
14.651	12
14.653	7
14.655	13
14.658	10
14.660	14
14.662	13
14.664	14
14.666	15
14.668	11
14.671	9
14.673	12
14.675	13
14.677	10
14.679	13
14.681	13
14.684	14
14.686	10
14.688	12
14.690	10
14.692	10
14.694	15
14.697	14
14.699	11
14.701	12
14.703	10
14.705	14
14.707	13
14.710	13
14.712	14
14.714	12
14.716	13
14.718	8
14.720	4
14.723	10
14.725	13
14.727	12
14.729	14
14.731	12
14.733	13
14.736	12
14.738	14
14.740	12
14.742	11
14.744	14
14.746	15
14.749	13
14.751	8
14.753	9
14.755	12
14.757	11
14.759	12
14.762	14
14.764	15
14.766	14
14.768	14
14.770	9
14.772	12
14.774	9
14.777	9
14.779	12
14.781	10
14.783	8
14.785	10
14.787	10
14.790	13
14.792	9
14.794	14
14.796	12
14.798	13
14.800	13
14.803	9
14.805	11
14.807	13
14.809	10
14.811	9
14.813	14
14.816	13
14.818	14
14.820	10
14.822	14
14.824	12
14.826	10
14.829	15
14.831	14
14.833	12
14.835	13
14.837	14
14.839	9
14.842	12
14.844	14
14.846	13
14.848	12
14.850	12
14.852	15
14.855	15
14.857	15
14.859	15
14.861	15
14.863	14
14.865	14
14.868	15
14.870	14
14.872	15
14.874	14
14.876	14
14.878	14
14.881	10
14.883	13
14.885	9
14.887	9
14.889	13
14.891	8
14.894	12
14.896	14
14.898	12
14.900	11
14.902	14
14.904	13
14.907	14
14.909	8
14.911	15
14.913	15
14.915	14
14.917	15
14.920	15
14.922	14
14.924	14
14.926	13
14.928	13
14.930	13
14.933	14
14.935	13
14.937	11
14.939	12
14.941	11
14.943	10
14.946	7
14.948	7
14.950	10
14.952	14
14.954	15
14.956	14
14.958	11
14.961	12
14.963	12
14.965	12
14.967	11
14.969	15
14.971	14
14.974	13
14.976	10
14.978	13
14.980	13
14.982	14
14.984	12
14.987	14
14.989	14
14.991	12
14.993	12
14.995	13
14.997	14
15.000	14
15.002	14
15.004	13
15.006	12
15.008	14
15.010	11
15.013	10
15.015	14
15.017	2
15.019	10
15.021	12
15.023	9
15.026	14
15.028	9
15.030	9
15.032	13
15.034	12
15.036	14
15.039	13
15.041	9
15.043	12
15.045	13
15.047	9
15.049	13
15.052	8
15.054	10
15.056	12
15.058	14
15.060	14
15.062	14
15.065	13
15.067	10
15.069	10
15.071	12
15.073	14
15.075	13
15.078	14
15.080	12
15.082	10
15.084	13
15.086	13
15.088	10
15.091	12
15.093	14
15.095	9
15.097	13
15.099	14
15.101	13
15.104	13
15.106	14
15.108	5
15.110	14
15.112	13
15.114	4
15.117	14
15.119	6
15.121	9
15.123	12
15.125	12
15.127	10
15.130	11
15.132	14
15.134	13
15.136	13
15.138	9
15.140	11
15.143	11
15.145	10
15.147	9
15.149	9
15.151	14
15.153	11
15.155	14
15.158	9
15.160	10
15.162	15
15.164	15
15.166	10
15.168	9
15.171	13
15.173	12
15.175	8
15.177	11
15.179	11
15.181	15
15.184	13
15.186	13
15.188	13
15.190	13
15.192	13
15.194	11
15.197	14
15.199	11
15.201	14
15.203	12
15.205	14
15.207	15
15.210	11
15.212	7
15.214	10
15.216	8
15.218	11
15.220	9
15.223	10
15.225	13
15.227	8
15.229	12
15.231	11
15.233	14
15.236	13
15.238	13
15.240	13
15.242	14
15.244	10
15.246	14
15.249	14
15.251	13
15.253	7
15.255	14
15.257	14
15.259	11
15.262	12
15.264	10
15.266	12
15.268	11
15.270	13
15.272	12
15.275	12
15.277	13
15.279	7
15.281	15
15.283	15
15.285	14
15.288	13
15.290	15
15.292	7
15.294	9
15.296	10
15.298	9
15.301	14
15.303	7
15.305	10
15.307	11
15.309	13
15.311	14
15.314	12
15.316	15
15.318	13
15.320	12
15.322	13
15.324	9
15.327	14
15.329	14
15.331	14
15.333	13
15.335	13
15.337	13
15.340	14
15.342	9
15.344	12
15.346	8
15.348	10
15.350	4
15.352	14
15.355	14
15.357	12
15.359	10
15.361	10
15.363	13
15.365	14
15.368	13
15.370	15
15.372	14
15.374	14
15.376	15
15.378	9
15.381	9
15.383	12
15.385	13
15.387	14
15.389	15
15.391	15
15.394	8
15.396	9
15.398	10
15.400	11
15.402	10
15.404	14
15.407	13
15.409	14
15.411	12
15.413	8
15.415	8
15.417	9
15.420	15
15.422	11
15.424	10
15.426	13
15.428	13
15.430	10
15.433	14
15.435	12
15.437	15
15.439	13
15.441	14
15.443	9
15.446	14
15.448	15
15.450	15
15.452	13
15.454	10
15.456	11
15.459	9
15.461	14
15.463	13
15.465	14
15.467	14
15.469	13
15.472	14
15.474	13
15.476	14
15.478	15
15.480	15
15.482	12
15.485	15
15.487	10
15.489	12
15.491	11
15.493	11
15.495	11
15.498	10
15.500	13
15.502	11
15.504	13
15.506	11
15.508	14
15.511	9
15.513	13
15.515	13
15.517	12
15.519	15
15.521	14
15.524	12
15.526	13
15.528	12
15.530	14
15.532	10
15.534	14
15.536	10
15.539	14
15.541	14
15.543	12
15.545	13
15.547	13
15.549	11
15.552	10
15.554	10
15.556	5
15.558	8
15.560	14
15.562	12
15.565	14
15.567	12
15.569	13
15.571	15
15.573	14
15.575	12
15.578	10
15.580	12
15.582	10
15.584	11
15.586	14
15.588	15
15.591	12
15.593	14
15.595	10
15.597	11
15.599	9
15.601	10
15.604	13
15.606	14
15.608	10
15.610	13
15.612	13
15.614	13
15.617	13
15.619	13
15.621	13
15.623	12
15.625	10
15.627	11
15.630	8
15.632	14
15.634	12
15.636	13
15.638	12
15.640	14
15.643	0
15.645	0
15.647	0
15.649	0
15.651	0
15.653	11
15.656	12
15.658	14
15.660	14
15.662	14
15.664	15
15.666	14
15.669	13
15.671	12
15.673	14
15.675	15
15.677	13
15.679	0
15.682	0
15.684	0
15.686	NaN
15.688	NaN
15.690	NaN
15.692	NaN
15.695	NaN
15.697	NaN
15.699	NaN
15.701	NaN
15.703	NaN
15.705	NaN
15.708	NaN
15.710	NaN
15.712	NaN
15.714	NaN
15.716	NaN
15.718	NaN
15.721	NaN
15.723	NaN
15.725	NaN
15.727	NaN
15.729	11
15.731	13
15.733	14
15.736	11
15.738	8
15.740	13
15.742	11
15.744	12
15.746	8
15.749	13
15.751	11
15.753	13
15.755	12
15.757	10
15.759	9
15.762	14
15.764	12
15.766	14
15.768	13
15.770	13
15.772	13
15.775	10
15.777	14
15.779	12
15.781	7
15.783	10
15.785	10
15.788	9
15.790	11
15.792	15
15.794	13
15.796	11
15.798	14
15.801	15
15.803	12
15.805	15
15.807	11
15.809	10
15.811	13
15.814	12
15.816	14
15.818	14
15.820	12
15.822	14
15.824	10
15.827	12
15.829	13
15.831	14
15.833	13
15.835	11
15.837	10
15.840	13
15.842	12
15.844	10
15.846	14
15.848	13
15.850	14
15.853	14
15.855	13
15.857	13
15.859	14
15.861	8
15.863	13
15.866	12
15.868	11
15.870	11
15.872	14
15.874	9
15.876	13
15.879	11
15.881	13
15.883	14
15.885	15
15.887	12
15.889	11
15.892	14
15.894	10
15.896	13
15.898	10
15.900	12
15.902	12
15.905	10
15.907	15
15.909	12
15.911	10
15.913	13
15.915	14
15.917	13
15.920	11
15.922	15
15.924	15
15.926	13
15.928	12
15.930	14
15.933	12
15.935	13
15.937	14
15.939	7
15.941	11
15.943	10
15.946	14
15.948	4
15.950	13
15.952	15
15.954	15
15.956	15
15.959	12
15.961	14
15.963	14
15.965	11
15.967	11
15.969	11
15.972	5
15.974	13
15.976	13
15.978	14
15.980	14
15.982	12
15.985	12
15.987	12
15.989	10
15.991	10
15.993	13
15.995	12
15.998	14
16.000	13
16.002	14
16.004	13
16.006	14
16.008	13
16.011	14
16.013	15
16.015	13
16.017	9
16.019	14
16.021	13
16.024	11
16.026	14
16.028	13
16.030	14
16.032	12
16.034	10
16.037	14
16.039	11
16.041	14
16.043	13
16.045	12
16.047	5
16.050	13
16.052	12
16.054	11
16.056	10
16.058	13
16.060	14
16.063	15
16.065	12
16.067	14
16.069	13
16.071	14
16.073	11
16.076	14
16.078	10
16.080	13
16.082	12
16.084	14
16.086	15
16.089	13
16.091	16
16.093	13
16.095	13
16.097	15
16.099	14
16.102	15
16.104	15
16.106	12
16.108	8
16.110	11
16.112	12
16.114	9
16.117	10
16.119	9
16.121	10
16.123	11
16.125	9
16.127	12
16.130	10
16.132	13
16.134	14
16.136	14
16.138	10
16.140	15
16.143	14
16.145	11
16.147	14
16.149	14
16.151	14
16.153	12
16.156	10
16.158	10
16.160	15
16.162	0
16.164	11
16.166	14
16.169	11
16.171	11
16.173	14
16.175	14
16.177	11
16.179	14
16.182	12
16.184	14
16.186	14
16.188	13
16.190	14
16.192	15
16.195	12
16.197	13
16.199	11
16.201	15
16.203	13
16.205	13
16.208	10
16.210	14
16.212	11
16.214	10
16.216	13
16.218	13
16.221	12
16.223	12
16.225	12
16.227	15
16.229	11
16.231	14
16.234	12
16.236	9
16.238	11
16.240	10
16.242	12
16.244	5
16.247	12
16.249	7
16.251	13
16.253	10
16.255	10
16.257	11
16.260	14
16.262	11
16.264	13
16.266	11
16.268	14
16.270	13
16.273	12
16.275	14
16.277	14
16.279	10
16.281	14
16.283	11
16.286	10
16.288	13
16.290	13
16.292	9
16.294	15
16.296	14
16.299	9
16.301	11
16.303	10
16.305	6
16.307	13
16.309	15
16.311	13
16.314	12
16.316	14
16.318	11
16.320	13
16.322	13
16.324	12
16.327	10
16.329	14
16.331	13
16.333	13
16.335	13
16.337	10
16.340	10
16.342	13
16.344	13
16.346	10
16.348	13
16.350	14
16.353	13
16.355	13
16.357	10
16.359	13
16.361	13
16.363	13
16.366	9
16.368	13
16.370	13
16.372	4
16.374	14
16.376	12
16.379	7
16.381	6
16.383	13
16.385	14
16.387	13
16.389	14
16.392	11
16.394	15
16.396	13
16.398	10
16.400	11
16.402	14
16.405	14
16.407	15
16.409	15
16.411	14
16.413	15
16.415	14
16.418	14
16.420	2
16.422	12
16.424	11
16.426	11
16.428	8
16.431	10
16.433	11
16.435	12
16.437	14
16.439	15
16.441	13
16.444	12
16.446	11
16.448	13
16.450	14
16.452	12
16.454	11
16.457	14
16.459	12
16.461	14
16.463	11
16.465	12
16.467	10
16.470	11
16.472	11
16.474	10
16.476	12
16.478	13
16.480	14
16.483	9
16.485	13
16.487	2
16.489	13
16.491	12
16.493	11
16.495	15
16.498	15
16.500	7
16.502	13
16.504	12
16.506	13
16.508	12
16.511	11
16.513	13
16.515	13
16.517	8
16.519	12
16.521	12
16.524	12
16.526	9
16.528	10
16.530	12
16.532	13
16.534	12
16.537	11
16.539	13
16.541	13
16.543	11
16.545	14
16.547	13
16.550	13
16.552	14
16.554	13
16.556	12
16.558	14
16.560	15
16.563	14
16.565	14
16.567	11
16.569	13
16.571	13
16.573	15
16.576	13
16.578	14
16.580	15
16.582	14
16.584	13
16.586	6
16.589	12
16.591	6
16.593	11
16.595	0
16.597	0
16.599	0
16.602	0
16.604	0
16.606	0
16.608	13
16.610	13
16.612	10
16.615	12
16.617	13
16.619	12
16.621	13
16.623	14
16.625	12
16.628	11
16.630	13
16.632	10
16.634	15
16.636	13
16.638	9
16.641	8
16.643	13
16.645	12
16.647	12
16.649	14
16.651	9
16.654	11
16.656	11
16.658	12
16.660	10
16.662	14
16.664	10
16.667	8
16.669	13
16.671	14
16.673	13
16.675	14
16.677	10
16.680	13
16.682	3
16.684	14
16.686	12
16.688	13
16.690	12
16.692	13
16.695	9
16.697	13
16.699	14
16.701	14
16.703	14
16.705	15
16.708	13
16.710	14
16.712	13
16.714	12
16.716	14
16.718	12
16.721	14
16.723	14
16.725	6
16.727	15
16.729	10
16.731	12
16.734	11
16.736	5
16.738	9
16.740	12
16.742	8
16.744	9
16.747	11
16.749	3
16.751	3
16.753	15
16.755	7
16.757	10
16.760	9
16.762	10
16.764	8
16.766	13
16.768	6
16.770	13
16.773	12
16.775	12
16.777	11
16.779	10
16.781	13
16.783	12
16.786	4
16.788	13
16.790	14
16.792	15
16.794	15
16.796	13
16.799	13
16.801	15
16.803	14
16.805	14
16.807	13
16.809	14
16.812	11
16.814	10
16.816	10
16.818	9
16.820	11
16.822	10
16.825	15
16.827	11
16.829	14
16.831	13
16.833	10
16.835	14
16.838	9
16.840	11
16.842	16
16.844	13
16.846	13
16.848	8
16.851	12
16.853	12
16.855	13
16.857	14
16.859	10
16.861	9
16.864	14
16.866	10
16.868	14
16.870	13
16.872	11
16.874	8
16.877	11
16.879	14
16.881	14
16.883	12
16.885	14
16.887	13
16.889	13
16.892	10
16.894	10
16.896	12
16.898	2
16.900	10
16.902	12
16.905	14
16.907	14
16.909	11
16.911	14
16.913	6
16.915	12
16.918	13
16.920	14
16.922	10
16.924	12
16.926	13
16.928	14
16.931	12
16.933	10
16.935	9
16.937	12
16.939	12
16.941	13
16.944	10
16.946	11
16.948	11
16.950	11
16.952	11
16.954	12
16.957	15
16.959	13
16.961	13
16.963	15
16.965	9
16.967	14
16.970	12
16.972	9
16.974	10
16.976	11
16.978	15
16.980	11
16.983	14
16.985	12
16.987	15
16.989	14
16.991	13
16.993	11
16.996	13
16.998	12
17.000	12
17.002	12
17.004	14
17.006	11
17.009	15
17.011	11
17.013	13
17.015	4
17.017	12
17.019	13
17.022	7
17.024	10
17.026	7
17.028	12
17.030	4
17.032	4
17.035	0
17.037	13
17.039	10
17.041	14
17.043	13
17.045	12
17.048	16
17.050	13
17.052	14
17.054	15
17.056	15
17.058	14
17.061	13
17.063	13
17.065	13
17.067	14
17.069	13
17.071	15
17.073	15
17.076	14
17.078	5
17.080	12
17.082	10
17.084	12
17.086	13
17.089	13
17.091	15
17.093	11
17.095	14
17.097	14
17.099	12
17.102	12
17.104	13
17.106	10
17.108	11
17.110	10
17.112	12
17.115	15
17.117	13
17.119	14
17.121	15
17.123	14
17.125	13
17.128	13
17.130	15
17.132	14
17.134	15
17.136	15
17.138	14
17.141	14
17.143	14
17.145	12
17.147	3
17.149	12
17.151	13
17.154	14
17.156	13
17.158	13
17.160	12
17.162	13
17.164	10
17.167	14
17.169	13
17.171	15
17.173	13
17.175	9
17.177	14
17.180	12
17.182	13
17.184	14
17.186	13
17.188	13
17.190	10
17.193	14
17.195	13
17.197	12
17.199	14
17.201	14
17.203	14
17.206	9
17.208	13
17.210	13
17.212	15
17.214	12
17.216	10
17.219	13
17.221	15
17.223	14
17.225	11
17.227	10
17.229	14
17.232	14
17.234	15
17.236	9
17.238	10
17.240	10
17.242	11
17.245	14
17.247	13
17.249	13
17.251	10
17.253	11
17.255	14
17.258	12
17.260	12
17.262	13
17.264	15
17.266	14
17.268	9
17.270	10
17.273	14
17.275	11
17.277	13
17.279	13
17.281	13
17.283	11
17.286	12
17.288	4
17.290	12
17.292	7
17.294	4
17.296	6
17.299	14
17.301	15
17.303	15
17.305	14
17.307	15
17.309	16
17.312	14
17.314	15
17.316	14
17.318	15
17.320	13
17.322	12
17.325	15
17.327	12
17.329	12
17.331	14
17.333	14
17.335	14
17.338	10
17.340	13
17.342	13
17.344	15
17.346	14
17.348	13
17.351	14
17.353	15
17.355	11
17.357	15
17.359	14
17.361	14
17.364	10
17.366	11
17.368	14
17.370	10
17.372	14
17.374	9
17.377	9
17.379	13
17.381	15
17.383	11
17.385	13
17.387	14
17.390	14
17.392	9
17.394	14
17.396	7
17.398	14
17.400	15
17.403	14
17.405	12
17.407	11
17.409	13
17.411	13
17.413	10
17.416	10
17.418	15
17.420	11
17.422	11
17.424	12
17.426	14
17.429	11
17.431	11
17.433	11
17.435	11
17.437	11
17.439	11
17.442	12
17.444	13
17.446	13
17.448	11
17.450	14
17.452	14
17.454	10
17.457	11
17.459	11
17.461	13
17.463	10
17.465	13
17.467	10
17.470	9
17.472	14
17.474	14
17.476	13
17.478	14
17.480	12
17.483	12
17.485	10
17.487	14
17.489	13
17.491	13
17.493	11
17.496	13
17.498	11
17.500	10
17.502	13
17.504	14
17.506	14
17.509	10
17.511	4
17.513	11
17.515	13
17.517	10
17.519	8
17.522	15
17.524	13
17.526	14
17.528	14
17.530	12
17.532	11
17.535	13
17.537	11
17.539	10
17.541	13
17.543	12
17.545	15
17.548	12
17.550	9
17.552	10
17.554	13
17.556	15
17.558	11
17.561	12
17.563	14
17.565	12
17.567	15
17.569	14
17.571	9
17.574	10
17.576	13
17.578	12
17.580	12
17.582	11
17.584	13
17.587	14
17.589	12
17.591	15
17.593	14
17.595	13
17.597	14
17.600	13
17.602	12
17.604	11
17.606	12
17.608	13
17.610	13
17.613	10
17.615	11
17.617	10
17.619	15
17.621	14
17.623	10
17.626	13
17.628	13
17.630	14
17.632	13
17.634	14
17.636	14
17.639	15
17.641	10
17.643	5
17.645	15
17.647	12
17.649	9
17.651	9
17.654	14
17.656	15
17.658	13
17.660	15
17.662	14
17.664	9
17.667	8
17.669	13
17.671	10
17.673	14
17.675	14
17.677	15
17.680	11
17.682	10
17.684	10
17.686	10
17.688	12
17.690	13
17.693	15
17.695	12
17.697	14
17.699	13
17.701	11
17.703	11
17.706	12
17.708	12
17.710	9
17.712	14
17.714	14
17.716	10
17.719	11
17.721	6
17.723	12
17.725	13
17.727	14
17.729	12
17.732	12
17.734	13
17.736	11
17.738	14
17.740	13
17.742	14
17.745	11
17.747	14
17.749	9
17.751	12
17.753	4
17.755	7
17.758	5
17.760	8
17.762	14
17.764	13
17.766	11
17.768	10
17.771	11
17.773	13
17.775	12
17.777	11
17.779	15
17.781	7
17.784	13
17.786	3
17.788	14
17.790	15
17.792	15
17.794	13
17.797	8
17.799	13
17.801	14
17.803	8
17.805	11
17.807	13
17.810	13
17.812	13
17.814	14
17.816	14
17.818	11
17.820	10
17.823	12
17.825	10
17.827	13
17.829	14
17.831	12
17.833	15
17.836	12
17.838	7
17.840	14
17.842	13
17.844	13
17.846	6
17.848	11
17.851	12
17.853	12
17.855	12
17.857	15
17.859	11
17.861	6
17.864	6
17.866	7
17.868	9
17.870	13
17.872	13
17.874	14
17.877	12
17.879	13
17.881	14
17.883	12
17.885	11
17.887	12
17.890	9
17.892	8
17.894	15
17.896	9
17.898	10
17.900	12
17.903	14
17.905	14
17.907	4
17.909	13
17.911	13
17.913	14
17.916	14
17.918	10
17.920	14
17.922	13
17.924	13
17.926	14
17.929	12
17.931	12
17.933	6
17.935	12
17.937	13
17.939	13
17.942	14
17.944	14
17.946	12
17.948	13
17.950	12
17.952	13
17.955	12
17.957	13
17.959	9
17.961	8
17.963	10
17.965	13
17.968	15
17.970	12
17.972	11
17.974	13
17.976	12
17.978	13
17.981	12
17.983	11
17.985	14
17.987	10
17.989	12
17.991	11
17.994	11
17.996	12
17.998	12
18.000	15
18.002	11
18.004	11
18.007	7
18.009	12
18.011	13
18.013	9
18.015	14
18.017	10
18.020	14
18.022	14
18.024	10
18.026	13
18.028	13
18.030	14
18.032	13
18.035	14
18.037	13
18.039	13
18.041	14
18.043	14
18.045	13
18.048	13
18.050	15
18.052	13
18.054	13
18.056	12
18.058	14
18.061	12
18.063	9
18.065	10
18.067	12
18.069	13
18.071	13
18.074	11
18.076	11
18.078	11
18.080	12
18.082	12
18.084	9
18.087	12
18.089	12
18.091	9
18.093	10
18.095	14
18.097	12
18.100	13
18.102	12
18.104	9
18.106	12
18.108	13
18.110	14
18.113	15
18.115	14
18.117	9
18.119	12
18.121	8
18.123	15
18.126	8
18.128	13
18.130	14
18.132	12
18.134	10
18.136	11
18.139	15
18.141	14
18.143	11
18.145	14
18.147	10
18.149	15
18.152	12
18.154	15
18.156	12
18.158	11
18.160	13
18.162	14
18.165	12
18.167	11
18.169	12
18.171	14
18.173	13
18.175	14
18.178	13
18.180	14
18.182	9
18.184	6
18.186	10
18.188	14
18.191	8
18.193	10
18.195	11
18.197	13
18.199	14
18.201	11
18.204	14
18.206	13
18.208	13
18.210	7
18.212	12
18.214	8
18.217	13
18.219	14
18.221	13
18.223	14
18.225	11
18.227	12
18.229	11
18.232	11
18.234	10
18.236	10
18.238	11
18.240	4
18.242	5
18.245	13
18.247	12
18.249	8
18.251	14
18.253	13
18.255	14
18.258	13
18.260	14
18.262	15
18.264	12
18.266	13
18.268	13
18.271	13
18.273	4
18.275	13
18.277	10
18.279	11
18.281	14
18.284	13
18.286	13
18.288	10
18.290	11
18.292	13
18.294	14
18.297	13
18.299	13
18.301	14
18.303	8
18.305	10
18.307	10
18.310	12
18.312	11
18.314	15
18.316	13
18.318	9
18.320	12
18.323	10
18.325	11
18.327	12
18.329	12
18.331	13
18.333	14
18.336	14
18.338	11
18.340	13
18.342	13
18.344	15
18.346	15
18.349	14
18.351	13
18.353	13
18.355	14
18.357	13
18.359	12
18.362	13
18.364	13
18.366	12
18.368	11
18.370	15
18.372	13
18.375	15
18.377	13
18.379	13
18.381	14
18.383	12
18.385	14
18.388	9
18.390	12
18.392	12
18.394	9
18.396	10
18.398	14
18.401	13
18.403	11
18.405	12
18.407	10
18.409	11
18.411	10
18.414	15
18.416	14
18.418	12
18.420	10
18.422	11
18.424	12
18.426	13
18.429	14
18.431	15
18.433	11
18.435	12
18.437	14
18.439	14
18.442	13
18.444	12
18.446	15
18.448	15
18.450	15
18.452	10
18.455	10
18.457	11
18.459	13
18.461	14
18.463	14
18.465	13
18.468	13
18.470	10
18.472	10
18.474	11
18.476	11
18.478	9
18.481	14
18.483	12
18.485	14
18.487	15
18.489	14
18.491	14
18.494	14
18.496	14
18.498	13
18.500	11
18.502	15
18.504	14
18.507	2
18.509	13
18.511	12
18.513	13
18.515	13
18.517	13
18.520	13
18.522	15
18.524	14
18.526	13
18.528	14
18.530	15
18.533	10
18.535	12
18.537	12
18.539	14
18.541	14
18.543	9
18.546	8
18.548	14
18.550	15
18.552	13
18.554	14
18.556	14
18.559	15
18.561	13
18.563	14
18.565	14
18.567	14
18.569	14
18.572	13
18.574	13
18.576	7
18.578	11
18.580	13
18.582	12
18.585	13
18.587	NaN
18.589	NaN
18.591	NaN
18.593	NaN
18.595	NaN
18.598	NaN
18.600	NaN
18.602	NaN
18.604	NaN
18.606	NaN
18.608	NaN
18.610	NaN
18.613	NaN
18.615	NaN
18.617	NaN
18.619	NaN
18.621	NaN
18.623	NaN
18.626	NaN
18.628	NaN
18.630	14
18.632	12
18.634	14
18.636	11
18.639	12
18.641	14
18.643	13
18.645	12
18.647	12
18.649	11
18.652	12
18.654	13
18.656	10
18.658	11
18.660	11
18.662	14
18.665	14
18.667	15
18.669	9
18.671	13
18.673	6
18.675	10
18.678	7
18.680	14
18.682	13
18.684	15
18.686	13
18.688	11
18.691	14
18.693	12
18.695	12
18.697	14
18.699	13
18.701	13
18.704	15
18.706	14
18.708	11
18.710	15
18.712	13
18.714	13
18.717	14
18.719	13
18.721	11
18.723	14
18.725	14
18.727	15
18.730	13
18.732	7
18.734	4
18.736	7
18.738	8
18.740	14
18.743	14
18.745	15
18.747	14
18.749	14
18.751	12
18.753	11
18.756	12
18.758	12
18.760	15
18.762	11
18.764	11
18.766	12
18.769	11
18.771	15
18.773	13
18.775	15
18.777	13
18.779	10
18.782	12
18.784	12
18.786	12
18.788	12
18.790	12
18.792	12
18.795	14
18.797	7
18.799	12
18.801	13
18.803	11
18.805	9
18.807	12
18.810	11
18.812	10
18.814	11
18.816	10
18.818	13
18.820	12
18.823	9
18.825	14
18.827	14
18.829	6
18.831	15
18.833	14
18.836	14
18.838	13
18.840	14
18.842	9
18.844	10
18.846	13
18.849	12
18.851	12
18.853	10
18.855	10
18.857	10
18.859	10
18.862	13
18.864	10
18.866	11
18.868	10
18.870	14
18.872	13
18.875	13
18.877	15
18.879	11
18.881	12
18.883	13
18.885	10
18.888	14
18.890	11
18.892	11
18.894	13
18.896	15
18.898	13
18.901	10
18.903	14
18.905	14
18.907	11
18.909	11
18.911	10
18.914	13
18.916	13
18.918	8
18.920	10
18.922	4
18.924	13
18.927	13
18.929	9
18.931	6
18.933	11
18.935	9
18.937	12
18.940	13
18.942	9
18.944	13
18.946	9
18.948	13
18.950	12
18.953	13
18.955	13
18.957	12
18.959	7
18.961	14
18.963	11
18.966	13
18.968	10
18.970	10
18.972	13
18.974	10
18.976	12
18.979	12
18.981	11
18.983	12
18.985	13
18.987	13
18.989	14
18.991	15
18.994	14
18.996	11
18.998	13
19.000	15
19.002	14
19.004	14
19.007	9
19.009	11
19.011	8
19.013	15
19.015	10
19.017	13
19.020	12
19.022	10
19.024	12
19.026	13
19.028	12
19.030	12
19.033	9
19.035	13
19.037	11
19.039	13
19.041	15
19.043	14
19.046	10
19.048	13
19.050	13
19.052	13
19.054	10
19.056	11
19.059	11
19.061	7
19.063	13
19.065	10
19.067	12
19.069	12
19.072	13
19.074	10
19.076	14
19.078	14
19.080	8
19.082	12
19.085	12
19.087	12
19.089	11
19.091	14
19.093	15
19.095	10
19.098	10
19.100	4
19.102	14
19.104	15
19.106	11
19.108	13
19.111	11
19.113	11
19.115	12
19.117	15
19.119	10
19.121	13
19.124	14
19.126	14
19.128	15
19.130	15
19.132	11
19.134	13
19.137	9
19.139	12
19.141	14
19.143	14
19.145	10
19.147	9
19.150	12
19.152	12
19.154	5
19.156	13
19.158	14
19.160	11
19.163	14
19.165	13
19.167	12
19.169	12
19.171	14
19.173	11
19.176	10
19.178	10
19.180	13
19.182	11
19.184	11
19.186	13
19.188	13
19.191	13
19.193	12
19.195	9
19.197	15
19.199	14
19.201	7
19.204	15
19.206	14
19.208	14
19.210	15
19.212	13
19.214	13
19.217	14
19.219	12
19.221	12
19.223	6
19.225	15
19.227	11
19.230	9
19.232	10
19.234	9
19.236	14
19.238	11
19.240	11
19.243	8
19.245	13
19.247	12
19.249	8
19.251	13
19.253	4
19.256	15
19.258	15
19.260	10
19.262	11
19.264	13
19.266	14
19.269	10
19.271	15
19.273	13
19.275	9
19.277	11
19.279	12
19.282	13
19.284	12
19.286	13
19.288	5
19.290	10
19.292	13
19.295	13
19.297	11
19.299	9
19.301	13
19.303	13
19.305	13
19.308	12
19.310	13
19.312	14
19.314	10
19.316	12
19.318	13
19.321	13
19.323	12
19.325	11
19.327	12
19.329	9
19.331	11
19.334	13
19.336	15
19.338	10
19.340	13
19.342	11
19.344	13
19.347	9
19.349	13
19.351	13
19.353	14
19.355	4
19.357	10
19.360	6
19.362	13
19.364	12
19.366	10
19.368	10
19.370	13
19.373	13
19.375	14
19.377	10
19.379	4
19.381	11
19.383	13
19.385	13
19.388	13
19.390	14
19.392	6
19.394	8
19.396	10
19.398	9
19.401	11
19.403	9
19.405	11
19.407	12
19.409	8
19.411	12
19.414	13
19.416	14
19.418	12
19.420	13
19.422	9
19.424	14
19.427	13
19.429	13
19.431	14
19.433	13
19.435	14
19.437	10
19.440	13
19.442	8
19.444	12
19.446	12
19.448	8
19.450	9
19.453	4
19.455	14
19.457	14
19.459	14
19.461	11
19.463	12
19.466	13
19.468	14
19.470	10
19.472	10
19.474	10
19.476	13
19.479	12
19.481	9
19.483	13
19.485	15
19.487	15
19.489	10
19.492	9
19.494	12
19.496	14
19.498	11
19.500	10
19.502	11
19.505	12
19.507	12
19.509	10
19.511	11
19.513	11
19.515	13
19.518	10
19.520	14
19.522	12
19.524	13
19.526	14
19.528	13
19.531	12
19.533	11
19.535	11
19.537	14
19.539	11
19.541	10
19.544	9
19.546	12
19.548	12
19.550	12
19.552	13
19.554	9
19.557	7
19.559	13
19.561	10
19.563	8
19.565	11
19.567	13
19.569	11
19.572	13
19.574	10
19.576	14
19.578	12
19.580	12
19.582	13
19.585	15
19.587	13
19.589	15
19.591	12
19.593	11
19.595	14
19.598	14
19.600	13
19.602	13
19.604	15
19.606	13
19.608	15
19.611	12
19.613	10
19.615	12
19.617	14
19.619	4
19.621	3
19.624	5
19.626	11
19.628	15
19.630	14
19.632	14
19.634	12
19.637	14
19.639	14
19.641	14
19.643	16
19.645	14
19.647	15
19.650	16
19.652	11
19.654	6
19.656	11
19.658	14
19.660	13
19.663	12
19.665	8
19.667	13
19.669	12
19.671	13
19.673	8
19.676	13
19.678	11
19.680	12
19.682	13
19.684	11
19.686	14
19.689	14
19.691	12
19.693	13
19.695	13
19.697	14
19.699	11
19.702	12
19.704	11
19.706	11
19.708	10
19.710	10
19.712	12
19.715	8
19.717	13
19.719	13
19.721	15
19.723	11
19.725	15
19.728	15
19.730	8
19.732	12
19.734	12
19.736	12
19.738	14
19.741	14
19.743	10
19.745	14
19.747	14
19.749	13
19.751	12
19.754	9
19.756	15
19.758	9
19.760	15
19.762	14
19.764	10
19.766	11
19.769	10
19.771	13
19.773	11
19.775	9
19.777	10
19.779	10
19.782	11
19.784	11
19.786	13
19.788	8
19.790	10
19.792	14
19.795	10
19.797	15
19.799	14
19.801	14
19.803	13
19.805	15
19.808	14
19.810	13
19.812	14
19.814	13
19.816	13
19.818	14
19.821	12
19.823	14
19.825	12
19.827	10
19.829	13
19.831	11
19.834	14
19.836	7
19.838	14
19.840	14
19.842	11
19.844	11
19.847	11
19.849	13
19.851	15
19.853	12
19.855	14
19.857	9
19.860	11
19.862	14
19.864	14
19.866	14
19.868	14
19.870	10
19.873	13
19.875	10
19.877	10
19.879	9
19.881	12
19.883	11
19.886	13
19.888	12
19.890	13
19.892	11
19.894	13
19.896	13
19.899	13
19.901	15
19.903	9
19.905	11
19.907	12
19.909	11
19.912	11
19.914	10
19.916	10
19.918	12
19.920	14
19.922	10
19.925	12
19.927	13
19.929	11
19.931	10
19.933	14
19.935	13
19.938	9
19.940	11
19.942	15
19.944	2
19.946	11
19.948	8
19.951	11
19.953	12
19.955	10
19.957	13
19.959	14
19.961	12
19.963	11
19.966	12
19.968	9
19.970	14
19.972	9
19.974	8
19.976	12
19.979	11
19.981	14
19.983	12
19.985	10
19.987	14
19.989	14
19.992	11
19.994	13
19.996	15
19.998	10
20.000	11
20.002	12
20.005	13
20.007	10
20.009	12
20.011	14
20.013	13
20.015	10
20.018	13
20.020	11
20.022	13
20.024	13
20.026	12
20.028	11
20.031	14
20.033	2
20.035	14
20.037	11
20.039	12
20.041	10
20.044	14
20.046	14
20.048	15
20.050	12
20.052	13
20.054	12
20.057	10
20.059	14
20.061	11
20.063	12
20.065	12
20.067	10
20.070	14
20.072	12
20.074	14
20.076	14
20.078	12
20.080	14
20.083	15
20.085	0
20.087	0
20.089	0
20.091	0
20.093	0
20.096	0
20.098	0
20.100	0
20.102	10
20.104	9
20.106	12
20.109	9
20.111	11
20.113	14
20.115	8
20.117	9
20.119	13
20.122	13
20.124	14
20.126	12
20.128	11
20.130	9
20.132	13
20.135	11
20.137	12
20.139	15
20.141	9
20.143	14
20.145	10
20.147	11
20.150	10
20.152	10
20.154	12
20.156	12
20.158	14
20.160	12
20.163	12
20.165	14
20.167	14
20.169	10
20.171	14
20.173	14
20.176	15
20.178	10
20.180	14
20.182	11
20.184	14
20.186	12
20.189	11
20.191	10
20.193	9
20.195	12
20.197	14
20.199	12
20.202	12
20.204	13
20.206	14
20.208	12
20.210	14
20.212	13
20.215	15
20.217	14
20.219	9
20.221	14
20.223	13
20.225	13
20.228	14
20.230	15
20.232	15
20.234	12
20.236	10
20.238	13
20.241	9
20.243	8
20.245	10
20.247	11
20.249	10
20.251	15
20.254	12
20.256	14
20.258	9
20.260	10
20.262	14
20.264	10
20.267	12
20.269	13
20.271	11
20.273	15
20.275	13
20.277	15
20.280	12
20.282	13
20.284	15
20.286	13
20.288	14
20.290	14
20.293	14
20.295	13
20.297	8
20.299	13
20.301	13
20.303	10
20.306	11
20.308	2
20.310	13
20.312	14
20.314	12
20.316	0
20.319	15
20.321	14
20.323	11
20.325	12
20.327	15
20.329	14
20.332	11
20.334	5
20.336	10
20.338	14
20.340	10
20.342	9
20.344	12
20.347	14
20.349	11
20.351	12
20.353	14
20.355	12
20.357	11
20.360	11
20.362	9
20.364	12
20.366	14
20.368	14
20.370	15
20.373	15
20.375	14
20.377	11
20.379	13
20.381	13
20.383	14
20.386	12
20.388	11
20.390	13
20.392	11
20.394	13
20.396	14
20.399	14
20.401	9
20.403	10
20.405	5
20.407	7
20.409	11
20.412	15
20.414	14
20.416	13
20.418	12
20.420	9
20.422	13
20.425	12
20.427	15
20.429	11
20.431	13
20.433	14
20.435	12
20.438	8
20.440	14
20.442	15
20.444	15
20.446	15
20.448	12
20.451	14
20.453	14
20.455	12
20.457	12
20.459	9
20.461	10
20.464	14
20.466	14
20.468	14
20.470	14
20.472	14
20.474	14
20.477	14
20.479	13
20.481	12
20.483	11
20.485	10
20.487	9
20.490	11
20.492	15
20.494	14
20.496	10
20.498	9
20.500	9
20.503	15
20.505	13
20.507	13
20.509	14
20.511	15
20.513	11
20.516	10
20.518	9
20.520	14
20.522	14
20.524	10
20.526	11
20.529	11
20.531	10
20.533	0
20.535	14
20.537	13
20.539	13
20.541	9
20.544	12
20.546	8
20.548	10
20.550	10
20.552	12
20.554	10
20.557	12
20.559	14
20.561	14
20.563	9
20.565	10
20.567	13
20.570	14
20.572	13
20.574	14
20.576	0
20.578	11
20.580	15
20.583	12
20.585	14
20.587	13
20.589	13
20.591	11
20.593	13
20.596	13
20.598	13
20.600	7
20.602	9
20.604	13
20.606	15
20.609	11
20.611	14
20.613	10
20.615	6
20.617	15
20.619	0
20.622	13
20.624	13
20.626	9
20.628	12
20.630	9
20.632	12
20.635	14
20.637	14
20.639	15
20.641	13
20.643	13
20.645	10
20.648	12
20.650	13
20.652	15
20.654	12
20.656	14
20.658	10
20.661	9
20.663	0
20.665	9
20.667	9
20.669	9
20.671	9
20.674	9
20.676	12
20.678	11
20.680	15
20.682	15
20.684	12
20.687	12
20.689	14
20.691	14
20.693	13
20.695	14
20.697	14
20.700	13
20.702	14
20.704	14
20.706	9
20.708	13
20.710	10
20.713	14
20.715	11
20.717	8
20.719	12
20.721	10
20.723	15
20.725	14
20.728	15
20.730	14
20.732	12
20.734	13
20.736	13
20.738	10
20.741	13
20.743	13
20.745	12
20.747	13
20.749	9
20.751	12
20.754	15
20.756	10
20.758	8
20.760	14
20.762	12
20.764	11
20.767	14
20.769	7
20.771	13
20.773	11
20.775	12
20.777	13
20.780	14
20.782	13
20.784	13
20.786	13
20.788	14
20.790	12
20.793	0
20.795	14
20.797	13
20.799	14
20.801	13
20.803	11
20.806	10
20.808	13
20.810	12
20.812	14
20.814	14
20.816	14
20.819	9
20.821	14
20.823	10
20.825	10
20.827	12
20.829	14
20.832	12
20.834	15
20.836	0
20.838	14
20.840	11
20.842	13
20.845	11
20.847	13
20.849	11
20.851	12
20.853	12
20.855	11
20.858	13
20.860	14
20.862	14
20.864	14
20.866	11
20.868	12
20.871	11
20.873	13
20.875	12
20.877	11
20.879	0
20.881	15
20.884	10
20.886	12
20.888	14
20.890	13
20.892	13
20.894	10
20.897	14
20.899	11
20.901	14
20.903	14
20.905	14
20.907	12
20.910	14
20.912	8
20.914	14
20.916	9
20.918	15
20.920	13
20.922	0
20.925	0
20.927	0
20.929	0
20.931	0
20.933	0
20.935	0
20.938	0
20.940	0
20.942	14
20.944	12
20.946	14
20.948	11
20.951	15
20.953	13
20.955	12
20.957	14
20.959	12
20.961	11
20.964	11
20.966	13
20.968	14
20.970	13
20.972	14
20.974	14
20.977	14
20.979	14
20.981	13
20.983	15
20.985	10
20.987	13
20.990	12
20.992	10
20.994	12
20.996	9
20.998	13
21.000	10
21.003	9
21.005	9
21.007	13
21.009	12
21.011	12
21.013	9
21.016	14
21.018	10
21.020	13
21.022	11
21.024	12
21.026	11
21.029	10
21.031	14
21.033	13
21.035	8
21.037	13
21.039	10
21.042	14
21.044	13
21.046	13
21.048	10
21.050	11
21.052	14
21.055	14
21.057	3
21.059	13
21.061	10
21.063	13
21.065	8
21.068	12
21.070	14
21.072	13
21.074	13
21.076	14
21.078	15
21.081	14
21.083	6
21.085	13
21.087	12
21.089	10
21.091	13
21.094	14
21.096	15
21.098	11
21.100	10
21.102	10
21.104	12
21.106	13
21.109	12
21.111	10
21.113	12
21.115	10
21.117	11
21.119	10
21.122	14
21.124	14
21.126	14
21.128	14
21.130	12
21.132	14
21.135	9
21.137	8
21.139	14
21.141	14
21.143	13
21.145	14
21.148	11
21.150	12
21.152	14
21.154	12
21.156	13
21.158	12
21.161	15
21.163	11
21.165	12
21.167	14
21.169	10
21.171	14
21.174	14
21.176	14
21.178	12
21.180	13
21.182	14
21.184	14
21.187	15
21.189	13
21.191	15
21.193	8
21.195	10
21.197	14
21.200	14
21.202	15
21.204	11
21.206	13
21.208	14
21.210	2
21.213	13
21.215	12
21.217	14
21.219	6
21.221	14
21.223	14
21.226	14
21.228	9
21.230	9
21.232	11
21.234	11
21.236	15
21.239	9
21.241	14
21.243	11
21.245	9
21.247	12
21.249	12
21.252	14
21.254	14
21.256	13
21.258	11
21.260	12
21.262	9
21.265	9
21.267	13
21.269	15
21.271	13
21.273	8
21.275	11
21.278	14
21.280	14
21.282	11
21.284	12
21.286	14
21.288	13
21.291	9
21.293	13
21.295	14
21.297	14
21.299	14
21.301	13
21.303	9
21.306	14
21.308	10
21.310	15
21.312	10
21.314	13
21.316	13
21.319	12
21.321	12
21.323	9
21.325	11
21.327	13
21.329	9
21.332	9
21.334	15
21.336	10
21.338	15
21.340	9
21.342	13
21.345	9
21.347	15
21.349	14
21.351	10
21.353	15
21.355	14
21.358	13
21.360	14
21.362	14
21.364	13
21.366	13
21.368	10
21.371	14
21.373	8
21.375	14
21.377	14
21.379	8
21.381	14
21.384	10
21.386	13
21.388	14
21.390	13
21.392	14
21.394	11
21.397	12
21.399	11
21.401	9
21.403	14
21.405	11
21.407	10
21.410	9
21.412	12
21.414	10
21.416	13
21.418	14
21.420	13
21.423	14
21.425	14
21.427	14
21.429	9
21.431	14
21.433	6
21.436	13
21.438	14
21.440	11
21.442	14
21.444	13
21.446	11
21.449	14
21.451	12
21.453	9
21.455	12
21.457	10
21.459	14
21.462	10
21.464	13
21.466	13
21.468	12
21.470	15
21.472	14
21.475	13
21.477	14
21.479	15
21.481	9
21.483	14
21.485	14
21.488	7
21.490	14
21.492	13
21.494	11
21.496	13
21.498	9
21.500	13
21.503	13
21.505	9
21.507	14
21.509	14
21.511	10
21.513	7
21.516	9
21.518	14
21.520	12
21.522	14
21.524	14
21.526	14
21.529	14
21.531	13
21.533	14
21.535	9
21.537	9
21.539	15
21.542	13
21.544	8
21.546	14
21.548	13
21.550	14
21.552	10
21.555	9
21.557	15
21.559	13
21.561	9
21.563	11
21.565	15
21.568	13
21.570	10
21.572	12
21.574	10
21.576	13
21.578	10
21.581	13
21.583	12
21.585	14
21.587	9
21.589	10
21.591	13
21.594	14
21.596	14
21.598	12
21.600	13
21.602	8
21.604	13
21.607	11
21.609	15
21.611	14
21.613	9
21.615	9
21.617	12
21.620	14
21.622	12
21.624	9
21.626	15
21.628	13
21.630	9
21.633	13
21.635	14
21.637	10
21.639	13
21.641	14
21.643	14
21.646	13
21.648	9
21.650	8
21.652	10
21.654	10
21.656	13
21.659	13
21.661	14
21.663	13
21.665	15
21.667	11
21.669	12
21.672	12
21.674	10
21.676	15
21.678	15
21.680	14
21.682	12
21.684	12
21.687	14
21.689	13
21.691	10
21.693	13
21.695	10
21.697	14
21.700	13
21.702	13
21.704	10
21.706	9
21.708	11
21.710	9
21.713	10
21.715	12
21.717	10
21.719	12
21.721	11
21.723	11
21.726	9
21.728	13
21.730	12
21.732	14
21.734	15
21.736	12
21.739	14
21.741	4
21.743	11
21.745	13
21.747	10
21.749	13
21.752	12
21.754	13
21.756	8
21.758	8
21.760	12
21.762	13
21.765	14
21.767	12
21.769	14
21.771	12
21.773	12
21.775	14
21.778	4
21.780	9
21.782	14
21.784	13
21.786	10
21.788	14
21.791	14
21.793	13
21.795	14
21.797	14
21.799	13
21.801	14
21.804	15
21.806	13
21.808	9
21.810	5
21.812	9
21.814	14
21.817	14
21.819	16
21.821	8
21.823	10
21.825	11
21.827	10
21.830	9
21.832	12
21.834	10
21.836	9
21.838	14
21.840	14
21.843	13
21.845	9
21.847	13
21.849	10
21.851	13
21.853	8
21.856	12
21.858	9
21.860	9
21.862	9
21.864	14
21.866	14
21.869	14
21.871	10
21.873	9
21.875	15
21.877	9
21.879	12
21.881	12
21.884	10
21.886	10
21.888	13
21.890	13
21.892	14
21.894	9
21.897	13
21.899	12
21.901	14
21.903	12
21.905	9
21.907	14
21.910	15
21.912	12
21.914	13
21.916	14
21.918	12
21.920	11
21.923	10
21.925	12
21.927	10
21.929	14
21.931	9
21.933	13
21.936	12
21.938	9
21.940	11
21.942	13
21.944	14
21.946	9
21.949	9
21.951	15
21.953	12
21.955	14
21.957	14
21.959	12
21.962	8
21.964	12
21.966	11
21.968	14
21.970	14
21.972	9
21.975	12
21.977	14
21.979	9
21.981	11
21.983	12
21.985	10
21.988	12
21.990	10
21.992	13
21.994	14
21.996	11
21.998	13
22.001	14
22.003	12
22.005	13
22.007	15
22.009	13
22.011	4
22.014	14
22.016	7
22.018	11
22.020	13
22.022	13
22.024	8
22.027	10
22.029	13
22.031	14
22.033	15
22.035	15
22.037	15
22.040	13
22.042	14
22.044	11
22.046	12
22.048	12
22.050	12
22.053	13
22.055	14
22.057	11
22.059	11
22.061	12
22.063	13
22.066	14
22.068	10
22.070	12
22.072	13
22.074	15
22.076	13
22.078	6
22.081	13
22.083	14
22.085	9
22.087	14
22.089	11
22.091	13
22.094	13
22.096	12
22.098	14
22.100	14
22.102	10
22.104	13
22.107	14
22.109	14
22.111	12
22.113	14
22.115	12
22.117	15
22.120	13
22.122	14
22.124	11
22.126	6
22.128	14
22.130	8
22.133	15
22.135	14
22.137	13
22.139	15
22.141	10
22.143	14
22.146	11
22.148	11
22.150	9
22.152	14
22.154	11
22.156	12
22.159	9
22.161	12
22.163	15
22.165	13
22.167	13
22.169	9
22.172	14
22.174	14
22.176	15
22.178	15
22.180	9
22.182	15
22.185	11
22.187	10
22.189	11
22.191	3
22.193	15
22.195	15
22.198	13
22.200	15
22.202	14
22.204	10
22.206	15
22.208	15
22.211	14
22.213	13
22.215	11
22.217	11
22.219	13
22.221	10
22.224	13
22.226	14
22.228	14
22.230	14
22.232	12
22.234	12
22.237	11
22.239	14
22.241	13
22.243	14
22.245	13
22.247	12
22.250	14
22.252	13
22.254	12
22.256	9
22.258	13
22.260	10
22.262	14
22.265	15
22.267	12
22.269	12
22.271	13
22.273	11
22.275	13
22.278	8
22.280	12
22.282	12
22.284	13
22.286	14
22.288	12
22.291	13
22.293	13
22.295	14
22.297	13
22.299	13
22.301	14
22.304	15
22.306	12
22.308	14
22.310	10
22.312	11
22.314	9
22.317	12
22.319	6
22.321	11
22.323	9
22.325	13
22.327	10
22.330	13
22.332	15
22.334	14
22.336	15
22.338	12
22.340	15
22.343	10
22.345	14
22.347	13
22.349	13
22.351	13
22.353	9
22.356	15
22.358	14
22.360	9
22.362	10
22.364	15
22.366	10
22.369	12
22.371	13
22.373	8
22.375	14
22.377	10
22.379	9
22.382	9
22.384	10
22.386	8
22.388	14
22.390	13
22.392	13
22.395	13
22.397	14
22.399	11
22.401	7
22.403	14
22.405	14
22.408	14
22.410	10
22.412	14
22.414	14
22.416	11
22.418	12
22.421	14
22.423	12
22.425	15
22.427	14
22.429	12
22.431	12
22.434	10
22.436	10
22.438	14
22.440	8
22.442	14
22.444	11
22.447	13
22.449	14
22.451	8
22.453	13
22.455	15
22.457	14
22.459	13
22.462	7
22.464	11
22.466	15
22.468	15
22.470	15
22.472	14
22.475	12
22.477	11
22.479	13
22.481	15
22.483	12
22.485	12
22.488	10
22.490	10
22.492	9
22.494	12
22.496	14
22.498	8
22.501	14
22.503	4
22.505	13
22.507	9
22.509	14
22.511	13
22.514	11
22.516	14
22.518	13
22.520	15
22.522	12
22.524	11
22.527	14
22.529	5
22.531	8
22.533	12
22.535	12
22.537	13
22.540	13
22.542	8
22.544	11
22.546	13
22.548	12
22.550	11
22.553	15
22.555	12
22.557	12
22.559	11
22.561	12
22.563	12
22.566	15
22.568	14
22.570	9
22.572	8
22.574	11
22.576	12
22.579	10
22.581	12
22.583	9
22.585	12
22.587	14
22.589	12
22.592	15
22.594	15
22.596	14
22.598	14
22.600	15
22.602	12
22.605	14
22.607	14
22.609	15
22.611	13
22.613	14
22.615	14
22.618	15
22.620	15
22.622	14
22.624	13
22.626	13
22.628	14
22.631	14
22.633	14
22.635	13
22.637	13
22.639	13
22.641	14
22.643	12
22.646	10
22.648	7
22.650	13
22.652	12
22.654	11
22.656	13
22.659	10
22.661	11
22.663	11
22.665	11
22.667	13
22.669	13
22.672	14
22.674	11
22.676	13
22.678	15
22.680	13
22.682	12
22.685	14
22.687	14
22.689	10
22.691	11
22.693	12
22.695	11
22.698	15
22.700	13
22.702	13
22.704	9
22.707	12
22.709	12
22.711	8
22.713	12
22.716	9
22.718	9
22.720	13
22.722	10
22.725	14
22.727	15
22.729	12
22.731	10
22.734	14
22.736	10
22.738	10
22.740	15
22.743	10
22.745	14
22.747	12
22.749	15
22.752	11
22.754	10
22.756	10
22.759	8
22.761	10
22.763	14
22.765	14
22.768	9
22.770	9
22.772	10
22.774	13
22.777	14
22.779	12
22.781	14
22.783	13
22.786	13
22.788	13
22.790	11
22.792	13
22.795	14
22.797	12
22.799	9
22.801	14
22.804	12
22.806	14
22.808	13
22.810	13
22.813	14
22.815	12
22.817	12
22.820	13
22.822	12
22.824	11
22.826	13
22.829	14
22.831	13
22.833	14
22.835	9
22.838	10
22.840	11
22.842	7
22.844	15
22.847	14
22.849	14
22.851	12
22.853	13
22.856	12
22.858	12
22.860	10
22.862	10
22.865	13
22.867	14
22.869	10
22.872	13
22.874	10
22.876	11
22.878	15
22.881	11
22.883	9
22.885	14
22.887	11
22.890	11
22.892	12
22.894	9
22.896	14
22.899	13
22.901	13
22.903	10
22.905	6
22.908	12
22.910	14
22.912	10
22.914	10
22.917	14
22.919	11
22.921	14
22.923	13
22.926	12
22.928	11
22.930	9
22.933	9
22.935	11
22.937	15
22.939	14
22.942	12
22.944	10
22.946	14
22.948	15
22.951	14
22.953	14
22.955	10
22.957	11
22.960	9
22.962	11
22.964	11
22.966	13
22.969	14
22.971	9
22.973	15
22.975	13
22.978	9
22.980	12
22.982	11
22.984	13
22.987	12
22.989	13
22.991	13
22.994	13
22.996	14
22.998	10
23.000	12
23.003	12
23.005	13
23.007	14
23.009	15
23.012	14
23.014	12
23.016	12
23.018	11
23.021	13
23.023	10
23.025	10
23.027	10
23.030	9
23.032	9
23.034	13
23.036	13
23.039	14
23.041	11
23.043	9
23.045	11
23.048	12
23.050	14
23.052	13
23.055	12
23.057	15
23.059	13
23.061	7
23.064	11
23.066	11
23.068	12
23.070	12
23.073	9
23.075	8
23.077	9
23.079	14
23.082	14
23.084	10
23.086	15
23.088	12
23.091	15
23.093	10
23.095	11
23.097	10
23.100	13
23.102	15
23.104	15
23.107	11
23.109	10
23.111	14
23.113	13
23.116	11
23.118	11
23.120	13
23.122	11
23.125	10
23.127	14
23.129	14
23.131	10
23.134	12
23.136	13
23.138	14
23.140	14
23.143	14
23.145	14
23.147	13
23.149	14
23.152	11
23.154	11
23.156	13
23.158	14
23.161	12
23.163	15
23.165	13
23.168	14
23.170	14
23.172	13
23.174	14
23.177	12
23.179	14
23.181	14
23.183	15
23.186	14
23.188	12
23.190	10
23.192	10
23.195	9
23.197	13
23.199	14
23.201	15
23.204	14
23.206	15
23.208	12
23.210	14
23.213	13
23.215	10
23.217	9
23.219	4
23.222	14
23.224	14
23.226	9
23.229	14
23.231	13
23.233	14
23.235	13
23.238	14
23.240	10
23.242	14
23.244	11
23.247	11
23.249	7
23.251	14
23.253	9
23.256	13
23.258	10
23.260	10
23.262	11
23.265	14
23.267	8
23.269	13
23.271	13
23.274	12
23.276	15
23.278	8
23.280	7
23.283	10
23.285	12
23.287	9
23.290	11
23.292	15
23.294	14
23.296	13
23.299	14
23.301	14
23.303	14
23.305	10
23.308	14
23.310	15
23.312	14
23.314	10
23.317	13
23.319	13
23.321	11
23.323	11
23.326	11
23.328	8
23.330	11
23.332	14
23.335	7
23.337	15
23.339	8
23.342	14
23.344	14
23.346	12
23.348	15
23.351	14
23.353	13
23.355	14
23.357	12
23.360	14
23.362	14
23.364	13
23.366	13
23.369	12
23.371	12
23.373	8
23.375	8
23.378	12
23.380	13
23.382	15
23.384	12
23.387	12
23.389	9
23.391	12
23.393	10
23.396	13
23.398	10
23.400	9
23.403	9
23.405	14
23.407	13
23.409	14
23.412	9
23.414	8
23.416	9
23.418	15
23.421	13
23.423	14
23.425	13
23.427	14
23.430	13
23.432	14
23.434	9
23.436	9
23.439	13
23.441	10
23.443	12
23.445	14
23.448	9
23.450	15
23.452	15
23.454	14
23.457	13
23.459	15
23.461	11
23.464	12
23.466	11
23.468	10
23.470	6
23.473	4
23.475	4
23.477	14
23.479	14
23.482	13
23.484	12
23.486	13
23.488	12
23.491	5
23.493	9
23.495	13
23.497	15
23.500	15
23.502	9
23.504	13
23.506	14
23.509	14
23.511	4
23.513	13
23.515	14
23.518	11
23.520	14
23.522	12
23.525	15
23.527	15
23.529	13
23.531	9
23.534	11
23.536	9
23.538	13
23.540	13
23.543	11
23.545	14
23.547	13
23.549	9
23.552	10
23.554	11
23.556	11
23.558	11
23.561	14
23.563	12
23.565	13
23.567	13
23.570	15
23.572	15
23.574	14
23.577	14
23.579	13
23.581	15
23.583	15
23.586	15
23.588	13
23.590	14
23.592	14
23.595	15
23.597	13
23.599	12
23.601	10
23.604	14
23.606	11
23.608	10
23.610	14
23.613	9
23.615	12
23.617	13
23.619	12
23.622	11
23.624	14
23.626	13
23.628	14
23.631	14
23.633	11
23.635	13
23.638	14
23.640	12
23.642	11
23.644	11
23.647	3
23.649	14
23.651	10
23.653	11
23.656	12
23.658	14
23.660	14
23.662	13
23.665	12
23.667	13
23.669	15
23.671	14
23.674	12
23.676	14
23.678	10
23.680	12
23.683	14
23.685	15
23.687	15
23.689	11
23.692	14
23.694	10
23.696	15
23.699	14
23.701	13
23.703	13
23.705	14
23.708	14
23.710	14
23.712	9
23.714	15
23.717	15
23.719	13
23.721	13
23.723	14
23.726	13
23.728	13
23.730	12
23.732	10
23.735	14
23.737	14
23.739	10
23.741	9
23.744	9
23.746	15
23.748	12
23.750	12
23.753	12
23.755	10
23.757	12
23.760	13
23.762	14
23.764	14
23.766	9
23.769	8
23.771	12
23.773	14
23.775	14
23.778	13
23.780	12
23.782	11
23.784	8
23.787	14
23.789	13
23.791	15
23.793	14
23.796	10
23.798	14
23.800	9
23.802	12
23.805	13
23.807	12
23.809	14
23.812	14
23.814	13
23.816	13
23.818	12
23.821	14
23.823	13
23.825	12
23.827	15
23.830	14
23.832	11
23.834	9
23.836	8
23.839	15
23.841	14
23.843	14
23.845	10
23.848	15
23.850	10
23.852	12
23.854	12
23.857	11
23.859	14
23.861	12
23.863	10
23.866	14
23.868	13
23.870	14
23.873	10
23.875	10
23.877	7
23.879	10
23.882	12
23.884	10
23.886	10
23.888	11
23.891	12
23.893	10
23.895	14
23.897	12
23.900	12
23.902	12
23.904	13
23.906	13
23.909	13
23.911	14
23.913	13
23.915	13
23.918	14
23.920	12
23.922	13
23.924	9
23.927	14
23.929	14
23.931	11
23.934	10
23.936	13
23.938	14
23.940	13
23.943	13
23.945	12
23.947	10
23.949	15
23.952	13
23.954	12
23.956	14
23.958	14
23.961	13
23.963	13
23.965	11
23.967	13
23.970	14
23.972	13
23.974	14
23.976	12
23.979	12
23.981	15
23.983	14
23.985	14
23.988	13
23.990	12
23.992	14
23.995	7
23.997	9
23.999	11
24.001	13
24.004	15
24.006	15
24.008	11
24.010	13
24.013	13
24.015	14
24.017	14
24.019	13
24.022	13
24.024	12
24.026	13
24.028	14
24.031	14
24.033	14
24.035	12
24.037	11
24.040	12
24.042	13
24.044	14
24.047	14
24.049	13
24.051	13
24.053	15
24.056	14
24.058	14
24.060	12
24.062	15
24.065	13
24.067	10
24.069	13
24.071	12
24.074	13
24.076	14
24.078	10
24.080	12
24.083	13
24.085	14
24.087	10
24.089	12
24.092	15
24.094	12
24.096	7
24.098	11
24.101	2
24.103	11
24.105	14
24.108	11
24.110	14
24.112	13
24.114	13
24.117	14
24.119	15
24.121	14
24.123	12
24.126	13
24.128	13
24.130	14
24.132	12
24.135	13
24.137	14
24.139	15
24.141	13
24.144	12
24.146	10
24.148	10
24.150	10
24.153	13
24.155	14
24.157	15
24.159	7
24.162	13
24.164	12
24.166	14
24.169	14
24.171	14
24.173	13
24.175	14
24.178	10
24.180	11
24.182	12
24.184	12
24.187	8
24.189	11
24.191	12
24.193	13
24.196	13
24.198	14
24.200	14
24.202	14
24.205	12
24.207	11
24.209	8
24.211	13
24.214	11
24.216	14
24.218	9
24.220	9
24.223	12
24.225	13
24.227	14
24.230	13
24.232	9
24.234	6
24.236	14
24.239	12
24.241	11
24.243	10
24.245	12
24.248	9
24.250	10
24.252	13
24.254	13
24.257	13
24.259	15
24.261	13
24.263	13
24.266	9
24.268	12
24.270	10
24.272	13
24.275	9
24.277	14
24.279	11
24.282	13
24.284	12
24.286	10
24.288	13
24.291	13
24.293	9
24.295	12
24.297	11
24.300	15
24.302	12
24.304	15
24.306	14
24.309	4
24.311	3
24.313	15
24.315	11
24.318	10
24.320	12
24.322	14
24.324	6
24.327	13
24.329	15
24.331	10
24.333	12
24.336	12
24.338	13
24.340	13
24.343	11
24.345	13
24.347	14
24.349	14
24.352	15
24.354	2
24.356	11
24.358	9
24.361	15
24.363	11
24.365	14
24.367	14
24.370	14
24.372	10
24.374	13
24.376	5
24.379	10
24.381	15
24.383	7
24.385	11
24.388	13
24.390	13
24.392	14
24.394	12
24.397	15
24.399	13
24.401	13
24.404	13
24.406	14
24.408	12
24.410	11
24.413	12
24.415	14
24.417	10
24.419	12
24.422	11
24.424	11
24.426	15
24.428	12
24.431	13
24.433	12
24.435	12
24.437	12
24.440	10
24.442	12
24.444	8
24.446	9
24.449	14
24.451	12
24.453	13
24.455	14
24.458	13
24.460	14
24.462	12
24.465	10
24.467	10
24.469	8
24.471	11
24.474	10
24.476	7
24.478	13
24.480	15
24.483	11
24.485	9
24.487	11
24.489	12
24.492	12
24.494	14
24.496	14
24.498	11
24.501	13
24.503	14
24.505	11
24.507	12
24.510	14
24.512	8
24.514	10
24.517	10
24.519	13
24.521	12
24.523	12
24.526	9
24.528	13
24.530	13
24.532	14
24.535	13
24.537	15
24.539	13
24.541	5
24.544	11
24.546	12
24.548	9
24.550	12
24.553	11
24.555	10
24.557	13
24.559	9
24.562	14
24.564	12
24.566	12
24.568	15
24.571	12
24.573	7
24.575	13
24.578	14
24.580	14
24.582	8
24.584	10
24.587	6
24.589	15
24.591	10
24.593	12
24.596	13
24.598	13
24.600	13
24.602	13
24.605	13
24.607	7
24.609	13
24.611	10
24.614	13
24.616	11
24.618	12
24.620	12
24.623	2
24.625	13
24.627	11
24.629	12
24.632	14
24.634	12
24.636	8
24.639	13
24.641	13
24.643	13
24.645	9
24.648	14
24.650	14
24.652	7
24.654	15
24.657	13
24.659	8
24.661	4
24.663	9
24.666	9
24.668	14
24.670	12
24.672	14
24.675	14
24.677	14
24.679	15
24.681	0
24.684	0
24.686	0
24.688	10
24.690	14
24.693	14
24.695	10
24.697	10
24.700	14
24.702	15
24.704	9
24.706	10
24.709	10
24.711	8
24.713	8
24.715	6
24.718	13
24.720	8
24.722	12
24.724	13
24.727	10
24.729	10
24.731	14
24.733	6
24.736	13
24.738	13
24.740	14
24.742	10
24.745	10
24.747	15
24.749	10
24.752	11
24.754	10
24.756	13
24.758	13
24.761	12
24.763	14
24.765	9
24.767	14
24.770	14
24.772	14
24.774	10
24.776	11
24.779	14
24.781	11
24.783	11
24.785	12
24.788	13
24.790	14
24.792	11
24.794	6
24.797	14
24.799	8
24.801	13
24.803	15
24.806	12
24.808	12
24.810	14
24.813	13
24.815	11
24.817	13
24.819	13
24.822	11
24.824	10
24.826	12
24.828	11
24.831	13
24.833	14
24.835	12
24.837	13
24.840	11
24.842	12
24.844	14
24.846	12
24.849	6
24.851	15
24.853	13
24.855	13
24.858	13
24.860	10
24.862	12
24.864	12
24.867	14
24.869	9
24.871	12
24.874	10
24.876	10
24.878	14
24.880	13
24.883	13
24.885	14
24.887	12
24.889	9
24.892	10
24.894	14
24.896	13
24.898	14
24.901	10
24.903	7
24.905	11
24.907	11
24.910	9
24.912	9
24.914	8
24.916	14
24.919	13
24.921	13
24.923	14
24.925	14
24.928	15
24.930	12
24.932	13
24.935	10
24.937	14
24.939	12
24.941	13
24.944	11
24.946	5
24.948	11
24.950	5
24.953	10
24.955	6
24.957	16
24.959	12
24.962	7
24.964	11
24.966	13
24.968	12
24.971	10
24.973	13
24.975	11
24.977	13
24.980	14
24.982	14
24.984	12
24.987	11
24.989	11
24.991	11
24.993	12
24.996	12
24.998	14
25.000	13
25.002	13
25.005	10
25.007	12
25.009	10
25.011	13
25.014	5
25.016	14
25.018	14
25.020	14
25.023	14
25.025	15
25.027	14
25.029	14
25.032	14
25.034	10
25.036	14
25.038	14
25.041	14
25.043	14
25.045	15
25.048	13
25.050	14
25.052	14
25.054	11
25.057	11
25.059	10
25.061	12
25.063	13
25.066	13
25.068	14
25.070	12
25.072	13
25.075	12
25.077	5
25.079	9
25.081	4
25.084	5
25.086	13
25.088	14
25.090	14
25.093	15
25.095	14
25.097	9
25.099	14
25.102	10
25.104	11
25.106	12
25.109	9
25.111	12
25.113	13
25.115	11
25.118	15
25.120	10
25.122	10
25.124	14
25.127	14
25.129	14
25.131	12
25.133	9
25.136	13
25.138	11
25.140	12
25.142	9
25.145	11
25.147	14
25.149	15
25.151	10
25.154	11
25.156	14
25.158	13
25.160	14
25.163	14
25.165	14
25.167	11
25.170	9
25.172	14
25.174	12
25.176	12
25.179	15
25.181	10
25.183	7
25.185	3
25.188	14
25.190	0
25.192	13
25.194	14
25.197	0
25.199	13
25.201	5
25.203	14
25.206	14
25.208	14
25.210	15
25.212	3
25.215	0
25.217	3
25.219	13
25.222	14
25.224	12
25.226	12
25.228	10
25.231	8
25.233	11
25.235	13
25.237	10
25.240	10
25.242	11
25.244	11
25.246	12
25.249	15
25.251	11
25.253	6
25.255	12
25.258	13
25.260	15
25.262	10
25.264	14
25.267	13
25.269	13
25.271	14
25.273	10
25.276	11
25.278	2
25.280	13
25.283	10
25.285	13
25.287	7
25.289	11
25.292	10
25.294	13
25.296	12
25.298	12
25.301	13
25.303	10
25.305	14
25.307	12
25.310	12
25.312	10
25.314	13
25.316	3
25.319	1
25.321	9
25.323	7
25.325	12
25.328	13
25.330	14
25.332	13
25.334	15
25.337	13
25.339	14
25.341	6
25.344	12
25.346	14
25.348	12
25.350	13
25.353	4
25.355	9
25.357	14
25.359	5
25.362	8
25.364	9
25.366	14
25.368	9
25.371	13
25.373	11
25.375	14
25.377	9
25.380	8
25.382	10
25.384	15
25.386	9
25.389	13
25.391	13
25.393	15
25.395	11
25.398	14
25.400	15
25.402	15
25.405	14
25.407	15
25.409	14
25.411	15
25.414	13
25.416	14
25.418	6
25.420	11
25.423	8
25.425	14
25.427	14
25.429	11
25.432	12
25.434	8
25.436	14
25.438	15
25.441	13
25.443	11
25.445	14
25.447	13
25.450	8
25.452	9
25.454	8
25.457	9
25.459	12
25.461	13
25.463	8
25.466	10
25.468	13
25.470	14
25.472	12
25.475	10
25.477	15
25.479	14
25.481	12
25.484	12
25.486	14
25.488	11
25.490	14
25.493	11
25.495	10
25.497	15
25.499	14
25.502	11
25.504	15
25.506	11
25.508	14
25.511	14
25.513	13
25.515	12
25.518	13
25.520	6
25.522	13
25.524	14
25.527	10
25.529	15
25.531	14
25.533	13
25.536	4
25.538	13
25.540	10
25.542	11
25.545	8
25.547	5
25.549	13
25.551	13
25.554	12
25.556	14
25.558	11
25.560	15
25.563	12
25.565	10
25.567	14
25.569	12
25.572	11
25.574	14
25.576	14
25.579	8
25.581	13
25.583	11
25.585	14
25.588	13
25.590	13
25.592	12
25.594	9
25.597	11
25.599	10
25.601	12
25.603	14
25.606	12
25.608	12
25.610	9
25.612	11
25.615	10
25.617	9
25.619	14
25.621	13
25.624	10
25.626	9
25.628	13
25.630	13
25.633	13
25.635	10
25.637	11
25.640	8
25.642	11
25.644	11
25.646	5
25.649	11
25.651	11
25.653	11
25.655	13
25.658	11
25.660	11
25.662	14
25.664	14
25.667	14
25.669	13
25.671	13
25.673	13
25.676	15
25.678	11
25.680	14
25.682	10
25.685	15
25.687	15
25.689	13
25.692	14
25.694	12
25.696	6
25.698	14
25.701	13
25.703	9
25.705	11
25.707	12
25.710	11
25.712	13
25.714	13
25.716	13
25.719	12
25.721	11
25.723	11
25.725	12
25.728	5
25.730	2
25.732	13
25.734	6
25.737	12
25.739	14
25.741	12
25.743	14
25.746	13
25.748	13
25.750	13
25.753	14
25.755	5
25.757	14
25.759	13
25.762	13
25.764	13
25.766	12
25.768	14
25.771	8
25.773	9
25.775	15
25.777	14
25.780	10
25.782	11
25.784	10
25.786	2
25.789	13
25.791	12
25.793	13
25.795	12
25.798	14
25.800	12
25.802	10
25.804	13
25.807	12
25.809	9
25.811	13
25.814	10
25.816	11
25.818	10
25.820	9
25.823	9
25.825	9
25.827	4
25.829	11
25.832	13
25.834	12
25.836	11
25.838	14
25.841	11
25.843	11
25.845	13
25.847	13
25.850	12
25.852	10
25.854	11
25.856	12
25.859	14
25.861	13
25.863	11
25.865	12
25.868	12
25.870	13
25.872	13
25.875	12
25.877	14
25.879	14
25.881	10
25.884	13
25.886	13
25.888	12
25.890	11
25.893	14
25.895	15
25.897	11
25.899	9
25.902	12
25.904	14
25.906	10
25.908	12
25.911	14
25.913	13
25.915	14
25.917	13
25.920	14
25.922	13
25.924	13
25.927	13
25.929	15
25.931	12
25.933	10
25.936	11
25.938	12
25.940	10
25.942	11
25.945	14
25.947	13
25.949	13
25.951	14
25.954	13
25.956	8
25.958	12
25.960	12
25.963	14
25.965	12
25.967	15
25.969	15
25.972	13
25.974	12
25.976	13
25.978	13
25.981	13
25.983	14
25.985	14
25.988	9
25.990	13
25.992	5
25.994	4
25.997	5
25.999	7
26.001	14
26.003	14
26.006	13
26.008	13
26.010	13
26.012	11
26.015	13
26.017	12
26.019	14
26.021	10
26.024	14
26.026	14
26.028	12
26.030	9
26.033	13
26.035	12
26.037	13
26.039	14
26.042	12
26.044	9
26.046	4
26.049	13
26.051	12
26.053	13
26.055	12
26.058	14
26.060	14
26.062	13
26.064	12
26.067	15
26.069	14
26.071	12
26.073	3
26.076	12
26.078	2
26.080	12
26.082	13
26.085	14
26.087	13
26.089	9
26.091	12
26.094	13
26.096	13
26.098	13
26.100	12
26.103	11
26.105	12
26.107	13
26.110	12
26.112	14
26.114	13
26.116	13
26.119	13
26.121	10
26.123	13
26.125	12
26.128	10
26.130	15
26.132	12
26.134	15
26.137	15
26.139	10
26.141	14
26.143	11
26.146	13
26.148	11
26.150	13
26.152	12
26.155	11
26.157	13
26.159	11
26.162	14
26.164	14
26.166	15
26.168	14
26.171	13
26.173	12
26.175	13
26.177	14
26.180	13
26.182	13
26.184	12
26.186	9
26.189	12
26.191	7
26.193	5
26.195	12
26.198	13
26.200	8
26.202	14
26.204	14
26.207	10
26.209	13
26.211	13
26.213	12
26.216	14
26.218	14
26.220	12
26.223	12
26.225	14
26.227	12
26.229	13
26.232	11
26.234	10
26.236	9
26.238	13
26.241	5
26.243	4
26.245	12
26.247	14
26.250	15
26.252	7
26.254	14
26.256	11
26.259	15
26.261	12
26.263	5
26.265	11
26.268	12
26.270	14
26.272	12
26.274	12
26.277	9
26.279	10
26.281	13
26.284	14
26.286	12
26.288	11
26.290	15
26.293	15
26.295	15
26.297	8
26.299	14
26.302	7
26.304	9
26.306	14
26.308	11
26.311	10
26.313	13
26.315	0
26.317	1
26.320	15
26.322	13
26.324	14
26.326	14
26.329	13
26.331	13
26.333	6
26.335	16
26.338	14
26.340	13
26.342	15
26.345	12
26.347	14
26.349	14
26.351	14
26.354	11
26.356	10
26.358	5
26.360	9
26.363	12
26.365	9
26.367	11
26.369	11
26.372	13
26.374	10
26.376	14
26.378	5
26.381	2
26.383	3
26.385	14
26.387	12
26.390	13
26.392	10
26.394	14
26.397	12
26.399	11
26.401	4
26.403	11
26.406	12
26.408	14
26.410	13
26.412	13
26.415	9
26.417	14
26.419	11
26.421	15
26.424	14
26.426	13
26.428	14
26.430	10
26.433	13
26.435	8
26.437	14
26.439	13
26.442	14
26.444	11
26.446	13
26.448	12
26.451	13
26.453	13
26.455	15
26.458	9
26.460	14
26.462	14
26.464	11
26.467	15
26.469	15
26.471	12
26.473	13
26.476	15
26.478	6
26.480	10
26.482	15
26.485	11
26.487	9
26.489	11
26.491	4
26.494	1
26.496	8
26.498	12
26.500	12
26.503	13
26.505	12
26.507	15
26.509	14
26.512	15
26.514	14
26.516	13
26.519	16
26.521	14
26.523	14
26.525	13
26.528	12
26.530	14
26.532	13
26.534	10
26.537	4
26.539	4
26.541	5
26.543	3
26.546	13
26.548	14
26.550	16
26.552	14
26.555	11
26.557	14
26.559	12
26.561	12
26.564	14
26.566	16
26.568	13
26.570	15
26.573	12
26.575	12
26.577	3
26.580	11
26.582	12
26.584	7
26.586	14
26.589	12
26.591	12
26.593	3
26.595	13
26.598	14
26.600	12
26.602	13
26.604	14
26.607	10
26.609	7
26.611	12
26.613	11
26.616	13
26.618	12
26.620	11
26.622	13
26.625	15
26.627	12
26.629	13
26.632	0
26.634	13
26.636	13
26.638	12
26.641	10
26.643	3
26.645	9
26.647	12
26.650	11
26.652	7
26.654	13
26.656	11
26.659	13
26.661	16
26.663	13
26.665	12
26.668	13
26.670	12
26.672	10
26.674	13
26.677	12
26.679	11
26.681	10
26.683	12
26.686	10
26.688	15
26.690	11
26.693	13
26.695	12
26.697	13
26.699	10
26.702	9
26.704	15
26.706	14
26.708	3
26.711	9
26.713	13
26.715	5
26.717	0
26.720	0
26.722	12
26.724	9
26.726	6
26.729	13
26.731	0
26.733	13
26.735	14
26.738	7
26.740	2
26.742	12
26.744	11
26.747	5
26.749	12
26.751	9
26.754	10
26.756	14
26.758	13
26.760	12
26.763	11
26.765	12
26.767	8
26.769	3
26.772	15
26.774	15
26.776	15
26.778	12
26.781	11
26.783	1
26.785	4
26.787	0
26.790	15
26.792	15
26.794	12
26.796	14
26.799	3
26.801	4
26.803	13
26.805	13
26.808	13
26.810	12
26.812	2
26.815	10
26.817	12
26.819	12
26.821	13
26.824	12
26.826	13
26.828	9
26.830	12
26.833	9
26.835	13
26.837	11
26.839	10
26.842	12
26.844	14
26.846	9
26.848	6
26.851	11
26.853	12
26.855	11
26.857	8
26.860	9
26.862	13
26.864	5
26.867	6
26.869	14
26.871	0
26.873	10
26.876	8
26.878	8
26.880	8
26.882	9
26.885	6
26.887	6
26.889	12
26.891	10
26.894	11
26.896	10
26.898	12
26.900	14
26.903	3
26.905	13
26.907	16
26.909	13
26.912	14
26.914	9
26.916	10
26.918	13
26.921	12
26.923	10
26.925	13
26.928	13
26.930	13
26.932	9
26.934	10
26.937	2
26.939	12
26.941	7
26.943	4
26.946	4
26.948	11
26.950	5
26.952	8
26.955	10
26.957	13
26.959	11
26.961	8
26.964	13
26.966	9
26.968	14
26.970	9
26.973	13
26.975	11
26.977	13
26.979	13
26.982	14
26.984	13
26.986	13
26.989	6
26.991	5
26.993	6
26.995	13
26.998	13
27.000	12
27.002	13
27.004	10
27.007	8
27.009	9
27.011	12
27.013	11
27.016	1
27.018	11
27.020	11
27.022	12
27.025	9
27.027	13
27.029	11
27.031	13
27.034	6
27.036	3
27.038	3
27.040	13
27.043	10
27.045	6
27.047	10
27.050	9
27.052	12
27.054	12
27.056	13
27.059	9
27.061	12
27.063	10
27.065	13
27.068	13
27.070	12
27.072	12
27.074	7
27.077	4
27.079	4
27.081	4
27.083	4
27.086	3
27.088	11
27.090	14
27.092	15
27.095	13
27.097	14
27.099	13
27.102	12
27.104	14
27.106	11
27.108	15
27.111	12
27.113	12
27.115	10
27.117	14
27.120	13
27.122	11
27.124	3
27.126	3
27.129	11
27.131	11
27.133	10
27.135	0
27.138	8
27.140	8
27.142	6
27.144	10
27.147	0
27.149	6
27.151	12
27.153	6
27.156	11
27.158	6
27.160	1
27.163	12
27.165	13
27.167	9
27.169	8
27.172	0
27.174	7
27.176	7
27.178	4
27.181	14
27.183	12
27.185	8
27.187	3
27.190	12
27.192	4
27.194	12
27.196	8
27.199	14
27.201	11
27.203	10
27.205	11
27.208	14
27.210	14
27.212	7
27.214	7
27.217	10
27.219	6
27.221	12
27.224	12
27.226	13
27.228	14
27.230	13
27.233	14
27.235	14
27.237	11
27.239	13
27.242	13
27.244	10
27.246	14
27.248	12
27.251	4
27.253	13
27.255	13
27.257	15
27.260	14
27.262	12
27.264	0
27.266	12
27.269	13
27.271	12
27.273	11
27.275	6
27.278	12
27.280	15
27.282	13
27.285	15
27.287	12
27.289	13
27.291	14
27.294	13
27.296	12
27.298	11
27.300	8
27.303	8
27.305	12
27.307	12
27.309	4
27.312	4
27.314	13
27.316	13
27.318	11
27.321	2
27.323	12
27.325	9
27.327	11
27.330	2
27.332	12
27.334	11
27.337	9
27.339	7
27.341	7
27.343	2
27.346	6
27.348	13
27.350	11
27.352	10
27.355	7
27.357	0
27.359	4
27.361	6
27.364	5
27.366	3
27.368	6
27.370	2
27.373	6
27.375	1
27.377	5
27.379	2
27.382	2
27.384	7
27.386	3
27.388	4
27.391	5
27.393	5
27.395	7
27.398	0
27.400	3
27.402	3
27.404	9
27.405	10
27.407	11
27.409	10
27.411	12
27.413	11
27.415	13
27.416	8
27.418	10
27.420	10
27.422	2
27.424	5
27.426	6
27.427	4
27.429	11
27.431	11
27.433	10
27.435	5
27.437	0
27.439	6
27.440	8
27.442	13
27.444	9
27.446	11
27.448	12
27.450	12
27.451	11
27.453	12
27.455	12
27.457	11
27.459	10
27.461	13
27.463	12
27.464	12
27.466	8
27.468	12
27.470	8
27.472	6
27.474	8
27.475	0
27.477	13
27.479	9
27.481	14
27.483	14
27.485	13
27.487	13
27.488	14
27.490	14
27.492	13
27.494	5
27.496	14
27.498	13
27.499	14
27.501	14
27.503	12
27.505	4
27.507	7
27.509	6
27.511	0
27.512	3
27.514	7
27.516	9
27.518	10
27.520	13
27.522	10
27.523	9
27.525	5
27.527	11
27.529	11
27.531	9
27.533	8
27.535	14
27.536	13
27.538	9
27.540	15
27.542	10
27.544	8
27.546	6
27.547	5
27.549	5
27.551	11
27.553	13
27.555	11
27.557	15
27.558	13
27.560	14
27.562	8
27.564	14
27.566	15
27.568	12
27.570	11
27.571	13
27.573	12
27.575	8
27.577	14
27.579	14
27.581	14
27.582	10
27.584	6
27.586	11
27.588	11
27.590	8
27.592	7
27.594	4
27.595	4
27.597	5
27.599	0
27.601	4
27.603	0
27.605	0
27.606	0
27.608	4
27.610	0
27.612	7
27.614	4
27.616	9
27.618	7
27.619	5
27.621	5
27.623	2
27.625	12
27.627	12
27.629	12
27.630	10
27.632	0
27.634	11
27.636	11
27.638	10
27.640	3
27.642	11
27.643	11
27.645	10
27.647	12
27.649	9
27.651	9
27.653	13
27.654	10
27.656	8
27.658	11
27.660	11
27.662	7
27.664	3
27.665	9
27.667	12
27.669	9
27.671	10
27.673	12
27.675	10
27.677	8
27.678	7
27.680	8
27.682	9
27.684	8
27.686	13
27.688	9
27.689	10
27.691	8
27.693	11
27.695	6
27.697	10
27.699	12
27.701	7
27.702	7
27.704	7
27.706	4
27.708	3
27.710	7
27.712	9
27.713	6
27.715	10
27.717	11
27.719	11
27.721	10
27.723	9
27.725	10
27.726	10
27.728	1
27.730	1
27.732	8
27.734	10
27.736	10
27.737	11
27.739	8
27.741	9
27.743	7
27.745	1
27.747	4
27.749	2
27.750	4
27.752	1
27.754	3
27.756	4
27.758	7
27.760	7
27.761	8
27.763	7
27.765	9
27.767	7
27.769	12
27.771	7
27.773	9
27.774	6
27.776	7
27.778	9
27.780	9
27.782	10
27.784	12
27.785	10
27.787	6
27.789	6
27.791	12
27.793	8
27.795	7
27.796	10
27.798	11
27.800	7
27.802	12
27.804	4
27.806	6
27.808	14
27.809	10
27.811	8
27.813	4
27.815	4
27.817	9
27.819	11
27.820	5
27.822	10
27.824	11
27.826	7
27.828	3
27.830	11
27.832	10
27.833	13
27.835	9
27.837	7
27.839	11
27.841	11
27.843	6
27.844	11
27.846	10
27.848	6
27.850	10
27.852	6
27.854	8
27.856	7
27.857	4
27.859	1
27.861	4
27.863	3
27.865	4
27.867	3
27.868	12
27.870	11
27.872	9
27.874	3
27.876	3
27.878	0
27.880	
27.881	
27.883	
27.885	
27.887	
27.889	
27.891	
27.892	
27.894	
27.947	
27.948	
27.949	
27.951	
27.952	
27.953	
27.954	
27.955	
27.957	
27.958	9
27.959	6
27.960	5
27.961	4
27.962	4
27.964	6
27.965	9
27.966	2
27.967	8
27.968	10
27.970	11
27.971	9
27.972	10
27.973	10
27.974	9
27.975	1
27.977	7
27.978	4
27.979	5
27.980	4
27.981	4
27.983	3
27.984	0
27.985	0
27.986	4
27.987	7
27.988	2
27.990	3
27.991	3
27.992	7
27.993	4
27.994	4
27.996	3
27.997	4
27.998	4
27.999	5
28.000	3
28.001	5
28.003	1
28.004	1
28.005	4
28.006	2
28.007	12
28.009	5
28.010	2
28.011	6
28.012	11
28.013	9
28.014	4
28.016	8
28.017	0
28.018	7
28.019	12
28.020	11
28.022	13
28.023	7
28.024	4
28.025	0
28.026	11
28.027	4
28.029	
28.030	
28.031	
28.032	
28.033	
28.035	
28.036	
28.037	
28.038	
28.042	
28.043	
28.044	
28.045	
28.046	
28.048	
28.049	
28.050	
28.051	
28.052	9
28.053	11
28.055	9
28.056	6
28.057	4
28.058	7
28.059	10
28.061	11
28.062	12
28.063	11
28.064	12
28.065	12
28.066	6
28.068	5
28.069	10
28.070	12
28.071	8
28.072	6
28.074	10
28.075	8
28.076	1
28.077	8
28.078	3
28.079	10
28.081	8
28.082	11
28.083	14
28.084	10
28.085	11
28.086	10
28.088	13
28.089	11
28.090	12
28.091	10
28.092	5
28.094	6
28.095	5
28.096	10
28.097	5
28.098	8
28.099	5
28.101	11
28.102	7
28.103	12
28.104	9
28.105	12
28.107	8
28.108	14
28.109	8
28.110	6
28.111	6
28.112	2
28.114	9
28.115	9
28.116	12
28.117	4
28.118	0
28.120	1
28.121	7
28.122	2
28.123	0
28.124	10
28.125	7
28.127	11
28.128	12
28.129	6
28.130	6
28.131	8
28.133	8
28.134	3
28.135	4
28.136	10
28.137	7
28.138	9
28.140	7
28.141	4
28.142	7
28.143	4
28.144	7
28.146	4
28.147	13
28.148	12
28.149	5
28.150	7
28.151	9
28.153	9
28.154	10
28.155	9
28.156	5
28.157	10
28.159	11
28.160	7
28.161	10
28.162	10
28.163	10
28.164	9
28.166	12
28.167	10
28.168	11
28.169	6
28.170	12
28.172	11
28.173	1
28.174	7
28.175	8
28.176	6
28.177	10
28.179	10
28.180	10
28.181	8
28.182	6
28.183	7
28.185	10
28.186	8
28.187	7
28.188	5
28.189	5
28.190	10
28.192	9
28.193	8
28.194	7
28.195	6
28.196	4
28.198	5
28.199	9
28.200	7
28.201	13
28.202	9
28.203	14
28.205	15
28.206	11
28.207	13
28.208	14
28.209	3
28.211	9
28.212	11
28.213	9
28.214	10
28.215	6
28.216	9
28.218	6
28.219	9
28.220	13
28.221	3
28.222	9
28.224	11
28.225	9
28.226	10
28.227	10
28.228	8
28.229	1
28.231	4
28.232	9
28.233	11
28.234	8
28.235	13
28.236	7
28.238	4
28.239	4
28.240	4
28.241	11
28.242	10
28.244	8
28.245	7
28.246	11
28.247	11
28.248	6
28.249	10
28.251	11
28.252	7
28.253	10
28.254	11
28.255	7
28.257	8
28.258	10
28.259	10
28.260	6
28.261	10
28.262	11
28.264	10
28.265	10
28.266	14
28.267	6
28.268	10
28.270	12
28.271	5
28.272	3
28.273	10
28.274	12
28.275	9
28.277	6
28.278	10
28.279	9
28.280	7
28.281	8
28.283	11
28.284	9
28.285	10
28.286	9
28.287	9
28.288	4
28.290	9
28.291	8
28.292	11
28.293	8
28.294	11
28.296	10
28.297	4
28.298	7
28.299	5
28.300	5
28.301	5
28.303	11
28.304	7
28.305	12
28.306	7
28.307	1
28.309	6
28.310	14
28.311	11
28.312	9
28.313	8
28.314	11
28.316	8
28.317	5
28.318	4
28.319	3
28.320	8
28.322	8
28.323	9
28.324	7
28.325	11
28.326	10
28.327	13
28.329	9
28.330	7
28.331	11
28.332	11
28.333	9
28.335	5
28.336	9
28.337	11
28.338	11
28.339	13
28.340	10
28.342	8
28.343	3
28.344	11
28.345	9
28.346	11
28.348	8
28.349	10
28.350	12
28.351	9
28.352	9
28.353	11
28.355	11
28.356	9
28.357	10
28.358	9
28.359	2
28.361	8
28.362	7
28.363	9
28.364	10
28.365	10
28.366	5
28.368	9
28.369	13
28.370	12
28.371	8
28.372	11
28.374	8
28.375	8
28.376	8
28.377	10
28.378	11
28.379	7
28.381	8
28.382	9
28.383	12
28.384	0
28.385	9
28.386	10
28.388	8
28.389	8
28.390	8
28.391	6
28.392	11
28.394	0
28.395	0
28.396	7
28.397	9
28.398	8
28.399	11
28.401	14
28.402	10
28.403	10
28.404	0
28.405	1
28.407	9
28.408	8
28.409	10
28.410	8
28.411	5
28.412	11
28.414	9
28.415	7
28.416	9
28.417	8
28.418	9
28.420	7
28.421	10
28.422	7
28.423	6
28.424	9
28.425	8
28.427	11
28.428	8
28.429	3
28.430	8
28.431	9
28.433	6
28.434	11
28.435	9
28.436	7
28.437	10
28.438	11
28.440	8
28.441	11
28.442	12
28.443	11
28.444	12
28.446	10
28.447	12
28.448	14
28.449	5
28.450	11
28.451	10
28.453	7
28.454	11
28.455	10
28.456	13
28.457	14
28.459	13
28.460	12
28.461	9
28.462	10
28.463	11
28.464	11
28.466	9
28.467	10
28.468	9
28.469	4
28.470	14
28.472	12
28.473	12
28.474	12
28.475	11
28.476	14
28.477	9
28.479	9
28.480	11
28.481	10
28.482	7
28.483	11
28.485	0
28.486	7
28.487	7
28.488	8
28.489	6
28.490	4
28.492	8
28.493	11
28.494	7
28.495	7
28.496	10
28.498	8
28.499	7
28.500	8
28.503	13
28.507	9
28.510	11
28.514	10
28.517	13
28.521	6
28.524	13
28.528	13
28.531	12
28.535	7
28.538	12
28.542	8
28.545	8
28.549	4
28.552	5
28.556	12
28.559	6
28.563	7
28.566	7
28.570	12
28.573	10
28.577	11
28.580	12
28.584	13
28.587	10
28.591	10
28.594	14
28.598	12
28.601	14
28.605	13
28.608	4
28.612	5
28.615	9
28.619	12
28.622	8
28.626	10
28.629	12
28.633	12
28.636	13
28.640	15
28.643	12
28.647	12
28.650	8
28.654	13
28.657	15
28.661	14
28.664	5
28.668	7
28.671	11
28.675	11
28.678	13
28.682	12
28.685	8
28.689	13
28.692	15
28.696	6
28.699	12
28.703	13
28.706	13
28.710	13
28.713	14
28.717	12
28.720	12
28.724	12
28.727	10
28.731	3
28.734	9
28.738	10
28.741	11
28.745	7
28.748	10
28.752	5
28.755	10
28.758	9
28.762	11
28.765	11
28.769	10
28.772	8
28.776	10
28.779	8
28.783	11
28.786	12
28.790	13
28.793	10
28.797	12
28.800	14
28.804	12
28.807	14
28.811	14
28.814	9
28.818	12
28.821	10
28.825	12
28.828	9
28.832	13
28.835	1
28.839	14
28.842	11
28.846	8
28.849	8
28.853	9
28.856	9
28.860	13
28.863	14
28.867	10
28.870	11
28.874	13
28.877	11
28.881	13
28.884	12
28.888	13
28.891	13
28.895	13
28.898	11
28.902	6
28.905	11
28.909	11
28.912	9
28.916	8
28.919	10
28.923	8
28.926	12
28.930	9
28.933	8
28.937	8
28.940	10
28.944	12
28.947	11
28.951	10
28.954	11
28.958	10
28.961	11
28.965	10
28.968	11
28.972	7
28.975	11
28.979	11
28.982	9
28.986	8
28.989	11
28.993	10
28.996	6
29.000	10
29.003	7
29.007	11
29.010	9
29.014	10
29.017	10
29.021	10
29.024	9
29.028	11
29.031	11
29.035	12
29.038	10
29.042	12
29.045	9
29.049	9
29.052	9
29.056	8
29.059	5
29.063	13
29.066	8
29.070	7
29.073	7
29.077	11
29.080	15
29.084	12
29.087	12
29.091	11
29.094	10
29.098	10
29.101	13
29.105	13
29.108	10
29.112	15
29.115	9
29.119	6
29.122	11
29.126	1
29.129	12
29.133	3
29.136	0
29.140	3
29.143	10
29.147	13
29.150	11
29.154	12
29.157	5
29.161	10
29.164	10
29.168	12
29.171	9
29.175	11
29.178	5
29.182	0
29.185	13
29.189	11
29.192	12
29.196	9
29.199	9
29.203	9
29.206	10
29.210	11
29.213	7
29.217	7
29.220	11
29.224	11
29.227	6
29.231	9
29.234	2
29.238	5
29.241	10
29.245	12
29.248	11
29.252	10
29.255	11
29.259	9
29.262	8
29.266	12
29.269	7
29.273	13
29.276	7
29.280	9
29.283	10
29.287	11
29.290	10
29.294	6
29.297	12
29.301	10
29.304	11
29.308	11
29.311	10
29.315	12
29.318	11
29.322	11
29.325	10
29.329	11
29.332	11
29.336	4
29.339	10
29.343	12
29.346	11
29.350	14
29.353	13
29.357	11
29.360	11
29.364	13
29.367	12
29.371	9
29.374	6
29.378	8
29.381	11
29.385	10
29.388	13
29.392	14
29.395	8
29.399	11
29.402	10
29.406	8
29.409	15
29.413	12
29.416	13
29.420	13
29.423	12
29.427	13
29.430	9
29.434	10
29.437	10
29.441	13
29.444	10
29.448	10
29.451	10
29.455	7
29.458	10
29.462	9
29.465	11
29.469	11
29.472	12
29.476	11
29.479	10
29.483	11
29.486	9
29.490	8
29.493	9
29.497	11
29.500	10
29.504	10
29.507	9
29.511	7
29.514	12
29.518	11
29.521	12
29.525	11
29.528	11
29.532	12
29.535	12
29.539	13
29.542	11
29.546	10
29.549	11
29.553	8
29.556	13
29.560	14
29.563	13
29.567	4
29.570	8
29.574	7
29.577	6
29.581	12
29.584	10
29.588	11
29.591	8
29.595	0
29.598	10
29.602	10
29.605	11
29.608	11
29.612	11
29.615	10
29.619	9
29.622	10
29.626	13
29.629	10
29.633	14
29.636	12
29.640	10
29.643	11
29.647	11
29.650	11
29.654	11
29.657	8
29.661	10
29.664	11
29.668	11
29.671	9
29.675	11
29.678	8
29.682	0
29.685	4
29.689	9
29.692	10
29.696	12
29.699	13
29.703	13
29.706	11
29.710	12
29.713	12
29.717	13
29.720	14
29.724	13
29.727	13
29.731	12
29.734	11
29.738	14
29.741	12
29.745	12
29.748	10
29.752	11
29.755	8
29.759	11
29.762	11
29.766	2
29.769	11
29.773	8
29.776	11
29.780	9
29.783	10
29.787	8
29.790	8
29.794	12
29.797	7
29.801	9
29.804	10
29.808	10
29.811	5
29.815	7
29.818	10
29.822	10
29.825	11
29.829	9
29.832	15
29.836	10
29.839	13
29.843	14
29.846	13
29.850	12
29.853	11
29.857	12
29.860	11
29.864	9
29.867	9
29.871	10
29.874	11
29.878	10
29.881	11
29.885	9
29.888	10
29.892	11
29.895	8
29.899	9
29.902	11
29.906	13
29.909	10
29.913	8
29.916	12
29.920	11
29.923	11
29.927	11
29.930	9
29.934	12
29.937	12
29.941	11
29.944	10
29.948	8
29.951	11
29.955	12
29.958	10
29.962	12
29.965	9
29.969	11
29.972	11
29.976	11
29.979	11
29.983	8
29.986	10
29.990	12
29.993	12
29.997	11
30.000	10
30.004	11
30.007	10
30.011	10
30.014	11
30.018	5
30.021	8
30.025	10
30.028	11
30.032	12
30.035	9
30.039	10
30.042	10
30.046	9
30.049	8
30.053	11
30.056	6
30.060	8
30.063	10
30.067	11
30.070	10
30.074	11
30.077	10
30.081	11
30.084	11
30.088	11
30.091	12
30.095	9
30.098	9
30.102	11
30.105	7
30.109	7
30.112	11
30.116	11
30.119	10
30.123	9
30.126	9
30.130	7
30.133	12
30.137	4
30.140	10
30.144	9
30.147	10
30.151	12
30.154	11
30.158	9
30.161	13
30.165	8
30.168	9
30.172	4
30.175	11
30.179	11
30.182	13
30.186	8
30.189	10
30.193	8
30.196	8
30.200	6
30.207	0
30.215	0
30.223	2
30.231	4
30.239	7
30.247	1
30.255	2
30.264	11
30.272	7
30.280	10
30.288	2
30.296	6
30.304	7
30.312	12
30.320	12
30.328	11
30.336	12
30.344	12
30.352	12
30.360	11
30.368	11
30.376	10
30.384	12
30.392	12
30.400	11
30.408	12
30.416	12
30.424	11
30.432	11
30.440	1
30.448	0
30.456	0
30.464	0
30.473	0
30.481	12
30.489	5
30.497	6
30.505	8
30.513	7
30.521	9
30.529	10
30.537	8
30.545	3
30.553	6
30.561	6
30.569	10
30.577	9
30.585	8
30.593	14
30.601	9
30.609	9
30.617	11
30.625	10
30.633	10
30.641	12
30.649	11
30.657	11
30.665	11
30.674	14
30.682	10
30.690	6
30.698	10
30.706	10
30.714	10
30.722	12
30.730	5
30.738	7
30.746	4
30.754	4
30.762	4
30.770	8
30.778	7
30.786	10
30.794	10
30.802	11
30.810	6
30.818	12
30.826	11
30.834	12
30.842	11
30.850	10
30.858	7
30.866	12
30.874	8
30.883	9
30.891	6
30.899	6
30.907	10
30.915	10
30.923	10
30.931	11
30.939	11
30.947	12
30.955	11
30.963	14
30.971	9
30.979	10
30.987	10
30.995	11
31.003	13
31.011	9
31.019	9
31.027	9
31.035	10
31.043	4
31.051	7
31.059	7
31.067	8
31.075	5
31.084	8
31.092	6
31.100	3
31.108	3
31.116	7
31.124	9
31.132	6
31.140	9
31.148	3
31.156	2
31.164	10
31.172	9
31.180	11
31.188	10
31.196	11
31.204	13
31.212	11
