"","X1","X2","X3"
"1",392,14615.588624873,588.630911268291
"2",395,14721.1502964425,598.331985823229
"3",397,14793.677203108,596.548476844652
"4",400,14902.4675631061,604.795958431697
"5",402,14975.4471396101,601.726891164331
"6",405,15084.9165043661,608.292766336436
"7",407,15156.4542382259,607.665919405638
"8",410,15263.7608390155,616.822753092354
"9",417,15507.1241984455,620.608783522258
"10",420,15613.1375316693,627.741812253608
"11",422,15684.0249386158,627.745056211992
"12",425,15790.3560490355,637.21203446834
"13",427,15859.2670964565,635.58174141857
"14",430,15962.6336675881,642.028516060992
"15",432,16033.7020281411,638.646040094571
"16",435,16140.3045689706,643.14136461472
"17",437,16212.2176021535,640.034729905018
"18",440,16320.0871519277,645.115211633934
"19",442,16391.6329647353,644.103861155465
"20",445,16498.9516839465,652.055751727286
"21",447,16567.7805675471,650.848521280301
"22",450,16671.0238929479,657.873201878643
"23",452,16744.3088331327,655.986940944725
"24",455,16854.2362434099,663.269043582537
"25",457,16924.1638505888,661.350310192844
"26",460,17029.0552613571,667.656119161166
"27",462,17101.5499709846,665.979229094609
"28",467,17279.2633697249,670.80838864502
"29",470,17382.7203711734,675.47278726464
"30",472,17455.0851093607,671.19287699911
"31",481,17781.4408236126,677.742387378333
"32",483,17867.8142535791,679.773109892746
"33",486,17994.2001888995,687.105335829352
"34",488,18074.2251996072,687.770816305531
"35",496,18394.102303286,692.184669189766
"36",498,18479.0977288455,692.446463196361
"37",503,18685.22742221,698.316898753298
"38",513,19101.8012603509,697.650983594614
"39",521,19433.7727806003,700.541561931854
"40",523,19515.2015605063,700.028283368923
"41",526,19638.9625125962,702.751538999261
"42",528,19723.6268569642,701.476309466277
"43",533,19947.7909108912,700.372990919869
"44",536,20091.208843772,698.331064866564
"45",538,20192.0450967885,690.40400474849
"46",543,20441.065680049,680.335277862247
"47",548,20686.1601028782,668.063864500761
"48",551,20833.1269939043,660.885493300037
"49",556,21079.6312531714,645.736246791909
"50",558,21177.1972799411,637.526099043653
"51",566,21568.5102960635,612.390005759012
"52",571,21811.1972092183,590.706947377366
"53",580,22244.9686739424,554.56997476408
"54",584,22436.6756781024,527.193328010808
"55",591,22773.1363586361,493.045028863285
"56",596,23008.1255817574,464.876599470349
"57",601,23243.3158102856,429.581258430956
"58",606,23485.2619403184,385.10344669586
"59",612,23782.4812676501,321.079124732804
"60",617,24028.9608962729,254.978034764849
"61",619,24128.0386844166,228.303834929408
"62",622,24315.900000402,237.135256903971
"63",629,24808.4567627472,382.721859278162
"64",632,25020.9490050271,419.315554931452
"65",635,25232.7849448938,479.579960370694
"66",640,25602.9403254426,549.731852888209
"67",644,25883.8004270196,579.337242009725
"68",650,26301.9005127338,638.587463526641
"69",655,26655.6015778348,664.661216394513
"70",660,26997.8029560336,673.686249921088
"71",665,27363.3579922211,683.941069732586
"72",670,27703.8059216623,695.210120972148
"73",674,27985.1875199667,695.363040458002
"74",675,28055.5329195428,707.204919105686
"75",681,28483.0613200051,701.984260599898
"76",685,28761.0403756291,709.291525257174
"77",691,29204.8240030208,680.737547401765
"78",694,29418.4188031073,680.580046542693
"79",699,29775.4754223235,670.147278706473
"80",705,30193.8701754237,655.632658846153
"81",710,30545.4627770262,638.706767289732
"82",717,31035.907311537,565.628462821977
"83",720,31250.80308642,550.965202507952
"84",724,31446.8421321835,519.732308237926
"85",732,31820.919341023,464.518135084936
"86",734,31914.461232883,454.23831474452
"87",740,32202.4954598616,411.323626221453
"88",745,32401.4421719366,402.720707194435
"89",751,32638.7666660006,386.709520554615
"90",756,32830.6961615158,379.039633621445
"91",759,32947.6186147356,370.423182530798
"92",764,33142.0043509196,353.361702365691
"93",770,33374.6061326511,340.804149840317
"94",776,33600.5392444806,323.171756396535
"95",779,33710.7044682266,316.715767086778
"96",784,33914.8582277533,325.810601284716
"97",787,34041.1215515638,328.411993351906
"98",791,34208.8270265693,338.232564627549
"99",794,34332.1195150013,339.457152011597
"100",800,34583.1320771278,345.274847662431
"101",805,34827.9747962686,371.961279321606
"102",810,35080.4515911123,388.277490976356
"103",816,35377.7372015216,386.158381290316
"104",819,35534.4117785043,390.231142291377
"105",822,35716.1290868471,406.020263438853
"106",828,36104.9096704196,478.121907847893
"107",831,36301.7872362206,514.375259791643
"108",838,36768.6627093888,569.143769312008
"109",844,37162.0735403322,617.326360072113
"110",850,37559.6349780247,657.100309792452
"111",853,37748.5494657781,658.439042973104
"112",858,38066.1781451151,677.252115379443
"113",864,38453.600974541,697.172350702965
"114",870,38851.7085117891,714.129737742819
"115",874,39114.7196026254,746.485559119938
"116",878,39381.9376236407,783.16944752072
"117",881,39581.107994566,817.800015514105
"118",887,39969.799843102,868.479994949523
"119",891,40228.0767309612,904.121579400915
"120",896,40551.3495717515,948.376100002992
"121",899,40748.3639255352,971.216145543828
"122",902,40943.5381561614,988.125646957769
"123",909,41402.924104122,1039.98447169575
"124",921,42032.0682482857,1107.19255735881
"125",927,42341.6144328187,1191.00188896348
"126",930,42496.3875250852,1249.91248941011
"127",935,42754.3426788627,1368.31915847204
"128",941,43063.8888633957,1536.36093053956
"129",946,43321.8440171732,1692.30655311266
"130",950,43528.2081401952,1824.83412952876
"131",955,43786.1632939727,1997.95354448888
"132",960,44044.1184477502,2177.51298524819
"133",965,44302.0736015277,2362.04422169852
"134",972,44663.2108168162,2626.74090382544
"135",975,44817.9839090827,2741.98288141402
"136",980,45075.9390628602,2935.98318018695
"137",985,45333.8942166377,3132.00734610569
"138",990,45591.8493704152,3329.69795433842
"139",995,45849.8045241927,3528.77494146865
"140",1000,46107.7596779702,3729.01627474253
"141",1005,46365.7148317477,3930.24399196774
"142",1010,46623.6699855252,4132.31399640061
"143",1015,46881.6251393027,4335.10850644414
"144",1020,47139.5802930802,4538.53040419324
"145",1025,47397.5354468577,4742.49895796242
"146",1030,47655.4906006352,4946.94655035901
"147",1035,47913.4457544127,5151.8161503774
"148",1040,48171.4009081902,5357.05934182327
"149",1045,48429.3560619677,5562.63477191237
"150",1050,48687.3112157452,5768.50692024438
"151",1055,48945.2663695227,5974.64511427016
"152",1060,49203.2215233002,6181.02273603513
"153",1065,49461.1766770777,6387.61657855575
"154",1070,49719.1318308552,6594.40632015069
"155",1075,49977.0869846327,6801.37409243109
"156",1076,50028.6780153882,6842.78758924345
"157",1077,50080.2690461437,6884.20745362816
"158",1087,50596.1793536987,7298.7324562559
"159",1091,50802.5434767207,7464.69476261665
"160",1097,51112.0896612537,7713.78385416661
"161",1101,51318.4537842757,7879.93317552811
"162",1104,51473.2268765422,8004.58919360662
"163",1111,51834.3640918307,8295.58970055324
"164",1116,52092.3192456082,8503.55559742584
"165",1121,52350.2743993857,8711.60448978519
"166",1132,52917.7757376962,9169.57635422694
"167",1137,53175.7308914737,9377.85431993048
"168",1141,53382.0950144957,9544.52143544353
"169",1144,53536.8681067622,9669.54652256855
"170",1149,53794.8232605397,9877.966424745
"171",1154,54052.7784143172,10086.4392673533
"172",1164,54568.6887218722,10503.5311640077
"173",1169,54826.6438756497,10712.1445251144
"174",1174,55084.5990294272,10920.7993942724
"175",1180,55394.1452139602,11171.2367530672
"176",1182,55497.3272754712,11254.7277592567
"177",1184,55600.5093369822,11338.2244899271
"178",1185,55652.1003677377,11379.9749625666
"179",1186,55703.6913984932,11421.7268195347
"180",1190,55910.0555215152,11588.7477914377
"181",1192,56013.2375830262,11672.2662003115
"182",1193,56064.8286137817,11714.0273360525
"183",1194,56116.4196445372,11755.7897410344
"184",1195,56168.0106752927,11797.5534017782
"185",1198,56322.7837675592,11922.8517866175
"186",1200,56425.9658290702,12006.3900832603
"187",1202,56529.1478905812,12089.9330951113
"188",1204,56632.3299520922,12173.4807250934
"189",1205,56683.9209828477,12215.2562422718
"190",1208,56838.6940751142,12340.5894642604
"191",1210,56941.8761366252,12424.1503921457
"192",1212,57045.0581981362,12507.7155753954
"193",1214,57148.2402596472,12591.2849292841
"194",1215,57199.8312904027,12633.0711443534
"195",1218,57354.6043826692,12758.4358211563
"196",1220,57457.7864441802,12842.0172005523
"197",1224,57664.1505672022,13009.1914450514
"198",1225,57715.7415979577,13050.9873453932
"199",1228,57870.5146902242,13176.3805180747
"200",1230,57973.6967517352,13259.9804400041
"201",1234,58180.0608747572,13427.1907193934
"202",1235,58231.6519055127,13468.9954160775
"203",1236,58283.2429362682,13510.8009477026
"204",1238,58386.4249977792,13594.4144849647
"205",1242,58592.7891208012,13761.6512450888
"206",1243,58644.3801515567,13803.4624101707
"207",1244,58695.9711823122,13845.2743509586
"208",1246,58799.1532438232,13928.9005317099
"209",1248,58902.3353053342,14012.5297322903
"210",1249,58953.9263360897,14054.3454481703
"211",1250,59005.5173668452,14096.161898952
"212",1253,59160.2904591117,14221.6155958805
"213",1254,59211.8814898672,14263.4349218219
"214",1255,59263.4725206227,14305.2549508171
"215",1258,59418.2456128892,14430.7191950023
"216",1259,59469.8366436447,14472.5419754421
"217",1262,59624.6097359112,14598.0143317285
"218",1264,59727.7917974222,14681.6658578707
"219",1265,59779.3828281777,14723.4925907114
"220",1268,59934.1559204442,14848.9766027521
"221",1270,60037.3379819552,14932.6357353008
"222",1272,60140.5200434662,15016.297318726
"223",1273,60192.1110742217,15058.1290167516
"224",1274,60243.7021049772,15099.9613122904
"225",1275,60295.2931357327,15141.7942003903
"226",1276,60346.8841664882,15183.6276761535
"227",1278,60450.0662279992,15267.2963713467
"228",1280,60553.2482895102,15350.9673597501
"229",1282,60656.4303510212,15434.6406040694
"230",1284,60759.6124125322,15518.3160678134
"231",1285,60811.2034432877,15560.1546207806
"232",1286,60862.7944740432,15601.993715273
"233",1290,61069.1585970652,15769.3554222876
"234",1292,61172.3406585762,15853.0394141496
"235",1294,61275.5227200872,15936.7254543029
"236",1295,61327.1137508427,15978.5692324316
"237",1300,61585.0689046202,16187.7955468351
"238",1305,61843.0240583977,16397.0338868347
"239",1310,62100.9792121752,16606.2837978646
"240",1314,62307.3433351972,16773.6917668271
"241",1315,62358.9343659527,16815.5448479609
"242",1320,62616.8895197302,17024.8166263749
"243",1324,62823.2536427522,17192.2415102263
"244",1328,63029.6177657742,17359.6728183047
"245",1330,63132.7998272852,17443.3908236199
"246",1334,63339.1639503072,17610.8314250281
"247",1335,63390.7549810627,17652.6925159165
"248",1340,63648.7101348402,17862.0034813228
"249",1344,63855.0742578622,18029.4587132546
"250",1345,63906.6652886177,18071.3233976216
"251",1350,64164.6204423952,18280.6519573404
"252",1354,64370.9845654172,18448.1208306573
"253",1355,64422.5755961727,18489.9888669178
"254",1360,64680.5307499502,18699.3338459267
"255",1364,64886.8948729722,18866.8154586166
"256",1365,64938.4859037277,18908.6866263484
"257",1370,65196.4410575052,19118.0469518938
"258",1374,65402.8051805272,19285.5404796921
"259",1375,65454.3962112827,19327.4145773699
"260",1380,65712.3513650602,19536.7892680858
"261",1384,65918.7154880822,19704.293956282
"262",1385,65970.3065188377,19746.1707992968
"263",1390,66228.2616726152,19955.5589556834
"264",1400,66744.1719801702,20374.3543269302
"265",1404,66950.5361031922,20541.8793149797
"266",1405,67002.1271339477,20583.7611540285
"267",1410,67260.0822877252,20793.1738299432
"268",1414,67466.4464107472,20960.70806402
"269",1415,67518.0374415027,21002.5921797219
"270",1420,67775.9925952802,21212.0160353171
"271",1424,67982.3567183022,21379.5589752535
"272",1425,68033.9477490577,21421.4452352479
"273",1430,68291.9029028352,21630.8796242837
"274",1434,68498.2670258572,21798.4307711587
"275",1436,68601.4490873682,21882.2075309602
"276",1444,69014.1773334122,22217.322270495
"277",1445,69065.7683641677,22259.212461291
"278",1447,69168.9504256787,22342.9933967885
"279",1450,69323.7235179452,22468.6661693079
"280",1454,69530.0876409672,22636.2323794057
"281",1455,69581.6786717227,22678.12437412
"282",1456,69633.2697024782,22720.0165437534
"283",1460,69839.6338255002,22887.5869522686
"284",1464,70045.9979485222,23055.1600834881
"285",1465,70097.5889792777,23097.0537847709
"286",1470,70355.5441330552,23306.5247569193
"287",1474,70561.9082560772,23474.104440712
"288",1475,70613.4992868327,23515.9997580909
"289",1484,71077.8185636322,23893.0645750819
"290",1485,71129.4095943877,23934.9614243651
"291",1490,71387.3647481652,24144.4478870717
"292",1494,71593.7288711872,24312.039670953
"293",1495,71645.3199019427,24353.9379736942
"294",1498,71800.0929942092,24479.6337264437
"295",1500,71903.2750557202,24563.4315915125
"296",1504,72109.6391787422,24731.0289679248
"297",1505,72161.2302094977,24772.9286509413
"298",1510,72419.1853632752,24982.429065399
"299",1514,72625.5494862972,25150.0317562437
"300",1515,72677.1405170527,25191.9327511824
"301",1520,72935.0956708302,25401.4396273489
"302",1524,73141.4597938522,25569.047372657
"303",1525,73193.0508246077,25610.9496156029
"304",1529,73399.4149476297,25778.5597959187
"305",1530,73451.0059783852,25820.4626401889
"306",1531,73502.5970091407,25862.3656029723
"307",1532,73554.1880398962,25904.2686836936
"308",1533,73605.7790706517,25946.1718817815
"309",1534,73657.3701014072,25988.0751966681
"310",1535,73708.9611321627,26029.9786277896
"311",1537,73812.1431936737,26113.7858364986
"312",1540,73966.9162859402,26239.497507428
"313",1541,74018.5073166957,26281.4016243135
"314",1542,74070.0983474512,26323.3058535852
"315",1543,74121.6893782067,26365.2101947071
"316",1544,74173.2804089622,26407.1146471469
"317",1545,74224.8714397177,26449.0192103753
"318",1546,74276.4624704732,26490.9238838668
"319",1547,74328.0535012287,26532.8286670987
"320",1549,74431.2355627397,26616.6385607109
"321",1550,74482.8265934952,26658.5436700626
"322",1551,74534.4176242507,26700.4488870978
"323",1552,74586.0086550062,26742.3542113103
"324",1554,74689.1907165172,26826.1651792579
"325",1555,74740.7817472727,26868.0708219963
"326",1556,74792.3727780282,26909.9765699186
"327",1557,74843.9638087837,26951.882422534
"328",1558,74895.5548395392,26993.7883793551
"329",1559,74947.1458702947,27035.694439897
"330",1560,74998.7369010502,27077.6006036785
"331",1561,75050.3279318057,27119.5068702209
"332",1562,75101.9189625612,27161.4132390485
"333",1563,75153.5099933167,27203.3197096886
"334",1564,75205.1010240722,27245.2262816714
"335",1565,75256.6920548277,27287.13295453
"336",1566,75308.2830855832,27329.0397278005
"337",1567,75359.8741163387,27370.9466010214
"338",1568,75411.4651470942,27412.8535737345
"339",1569,75463.0561778497,27454.7606454842
"340",1570,75514.6472086052,27496.6678158175
"341",1571,75566.2382393607,27538.5750842846
"342",1574,75721.0113316272,27664.297474028
"343",1580,76030.5575161602,27915.7448435803
"344",1584,76236.9216391822,28083.3783046295
"345",1585,76288.5126699377,28125.2869012057
"346",1588,76443.2857622042,28251.0132394994
"347",1590,76546.4678237152,28334.8312514426
"348",1594,76752.8319467372,28502.4683483333
"349",1595,76804.4229774927,28544.377843801
"350",1596,76856.0140082482,28586.2874269882
"351",1597,76907.6050390037,28628.1970975098
"352",1599,77010.7871005147,28712.0166990262
"353",1600,77062.3781312702,28753.9266292617
"354",1604,77268.7422542922,28921.56720463
"355",1605,77320.3332850477,28963.477560224
"356",1610,77578.2884388252,29173.0305904544
"357",1614,77784.6525618472,29340.6744958854
"358",1615,77836.2435926027,29382.5856750374
"359",1620,78094.1987463802,29592.14277033
"360",1624,78300.5628694022,29759.789865731
"361",1625,78352.1539001577,29801.7018339157
"362",1630,78610.1090539352,30011.2628245627
"363",1634,78816.4731769572,30178.9129775876
"364",1635,78868.0642077127,30220.8257021825
"365",1640,79126.0193614902,30430.3904277903
"366",1644,79332.3834845122,30598.043513312
"367",1645,79383.9745152677,30639.9569634678
"368",1650,79641.9296690452,30849.5252723265
"369",1654,79848.2937920672,31017.1811719512
"370",1655,79899.8848228227,31059.0953184733
"371",1660,80157.8399766002,31268.667066977
"372",1664,80364.2040996222,31436.3256685978
"373",1665,80415.7951303777,31478.2404838365
"374",1670,80673.7502841552,31687.8155359497
"375",1674,80880.1144071772,31855.4767333345
"376",1675,80931.7054379327,31897.3921910845
"377",1680,81189.6605917102,32106.9704178499
"378",1684,81396.0247147322,32274.6341102619
"379",1685,81447.6157454877,32316.550185669
"380",1695,81963.5260530427,32735.714226075
"381",1700,82221.4812068202,32945.2984413476
"382",1704,82427.8453298422,33112.9668418576
"383",1705,82479.4363605977,33154.8840829979
"384",1710,82737.3915143752,33364.4711241454
"385",1714,82943.7556373972,33532.1417470669
"386",1715,82995.3466681527,33574.059538581
"387",1720,83253.3018219302,33783.6493007457
"388",1725,83511.2569757077,33993.2403857108
"389",1726,83562.8480064632,34035.1587592894
"390",1730,83769.2121294852,34202.8327691583
"391",1734,83975.5762525072,34370.5075948607
"392",1735,84027.1672832627,34412.4264273626
"393",1740,84285.1224370402,34622.0213371725
"394",1744,84491.4865600622,34789.6981509749
"395",1750,84801.0327445952,35041.2148217729
"396",1754,85007.3968676172,35208.8935529206
"397",1755,85058.9878983727,35250.8133529803
"398",1760,85316.9430521502,35460.4130485957
"399",1764,85523.3071751722,35628.0936296519
"400",1765,85574.8982059277,35670.0138880927
"401",1770,85832.8533597052,35879.6158514245
"402",1774,86039.2174827272,36047.2982180768
"403",1775,86090.8085134827,36089.2189190095
"404",1778,86245.5816057492,36214.981281626
"405",1780,86348.7636672602,36298.8230717188
"406",1785,86606.7188210377,36508.4282908624
"407",1790,86864.6739748152,36718.034558177
"408",1795,87122.6291285927,36927.6418558141
"409",1800,87380.5842823702,37137.2501663278
"410",1805,87638.5394361477,37346.8594726637
"411",1810,87896.4945899252,37556.4697581484
"412",1816,88206.0407744582,37808.0033702766
"413",1821,88463.9959282357,38017.6157530064
"414",1824,88618.7690205022,38143.3836291743
"415",1828,88825.1331435242,38311.0746448424
"416",1834,89134.6793280572,38562.6122544413
"417",1838,89341.0434510792,38730.304707266
"418",1841,89495.8165433457,38856.0744160067
"419",1851,90011.7268509007,39275.309022054
"420",1856,90269.6820046782,39484.927594712
"421",1861,90527.6371584557,39694.5469959137
"422",1864,90682.4102507222,39820.3190288926
"423",1871,91043.5474660107,40113.7882319927
"424",1875,91249.9115890327,40281.4856170297
"425",1886,91817.4129273432,40742.655982481
"426",1889,91972.1860196097,40868.4303572673
