depth	min	max	median	mean
290	10596	11368	11011	11006
291	10624	11403	11046	11043
292	10652	11464	11089	11079
293	10675	11549	11127	11116
294	10695	11637	11163	11153
295	10716	11725	11196	11189
296	10752	11770	11231	11225
297	10783	11816	11259	11260
298	10806	11872	11290	11296
299	10825	11932	11322	11331
300	10842	12001	11355	11366
301	10875	12038	11387	11401
302	10897	12083	11425	11436
303	10921	12126	11457	11471
304	10947	12177	11492	11506
305	10973	12228	11523	11541
306	11007	12265	11561	11577
307	11034	12303	11596	11613
308	11052	12346	11629	11649
309	11075	12396	11665	11685
310	11084	12460	11697	11721
311	11121	12498	11737	11757
312	11160	12544	11780	11793
313	11185	12594	11819	11830
314	11210	12638	11855	11866
315	11222	12710	11887	11902
316	11254	12748	11923	11937
317	11281	12786	11961	11972
318	11304	12829	11991	12007
319	11327	12872	12022	12042
320	11349	12915	12057	12078
321	11394	12949	12092	12113
322	11428	12998	12130	12149
323	11460	13042	12164	12185
324	11484	13094	12200	12221
325	11505	13138	12235	12257
326	11538	13186	12272	12293
327	11572	13226	12307	12329
328	11601	13279	12344	12365
329	11630	13336	12378	12401
330	11653	13388	12416	12437
331	11689	13414	12456	12473
332	11719	13448	12495	12510
333	11748	13482	12531	12547
334	11775	13528	12573	12584
335	11799	13580	12610	12621
336	11830	13599	12641	12655
337	11867	13641	12674	12689
338	11896	13682	12706	12724
339	11916	13715	12743	12758
340	11936	13769	12777	12793
341	11968	13805	12812	12828
342	12002	13834	12848	12864
343	12036	13877	12880	12900
344	12058	13927	12918	12936
345	12090	13975	12949	12971
346	12125	13999	12987	13007
347	12156	14035	13026	13042
348	12186	14072	13060	13077
349	12209	14115	13098	13113
350	12229	14165	13134	13148
351	12261	14212	13166	13183
352	12294	14259	13199	13218
353	12332	14307	13233	13252
354	12362	14353	13270	13287
355	12392	14391	13304	13322
356	12411	14439	13342	13357
357	12440	14468	13373	13391
358	12463	14510	13410	13426
359	12485	14557	13443	13461
360	12520	14616	13479	13496
361	12562	14630	13514	13531
362	12595	14678	13551	13566
363	12627	14714	13588	13602
364	12649	14745	13624	13637
365	12677	14779	13658	13672
366	12714	14809	13694	13707
367	12758	14864	13728	13742
368	12783	14905	13762	13777
369	12810	14944	13795	13812
370	12826	14983	13831	13847
371	12860	15023	13871	13883
372	12902	15056	13905	13918
373	12932	15085	13940	13954
374	12975	15126	13976	13989
375	12995	15165	14010	14025
376	13033	15204	14045	14059
377	13067	15231	14076	14094
378	13094	15268	14116	14129
379	13122	15310	14151	14164
380	13143	15351	14188	14198
381	13170	15381	14224	14235
382	13202	15413	14261	14271
383	13231	15448	14300	14307
384	13265	15501	14332	14344
385	13292	15533	14368	14380
386	13315	15566	14403	14415
387	13337	15602	14437	14450
388	13366	15632	14473	14485
389	13399	15674	14507	14520
390	13421	15715	14541	14555
391	13468	15736	14577	14590
392	13490	15770	14610	14626
393	13526	15816	14645	14661
394	13561	15854	14680	14696
395	13592	15910	14716	14732
396	13624	15943	14752	14767
397	13656	15975	14784	14803
398	13702	16005	14822	14839
399	13728	16042	14861	14875
400	13770	16098	14899	14910
401	13807	16142	14939	14946
402	13838	16169	14977	14982
403	13875	16206	15014	15018
404	13900	16254	15054	15054
405	13922	16295	15091	15090
406	13970	16329	15123	15125
407	13998	16370	15157	15159
408	14020	16405	15191	15194
409	14036	16432	15220	15229
410	14068	16480	15253	15263
411	14114	16515	15290	15301
412	14146	16559	15330	15338
413	14181	16607	15366	15376
414	14208	16660	15406	15413
415	14229	16693	15449	15451
416	14278	16733	15483	15486
417	14310	16767	15516	15521
418	14345	16794	15553	15556
419	14377	16832	15586	15591
420	14398	16881	15624	15626
421	14439	16910	15658	15661
422	14472	16948	15697	15697
423	14512	16970	15727	15733
424	14548	17000	15765	15768
425	14573	17025	15798	15804
426	14610	17058	15831	15838
427	14653	17095	15867	15872
428	14684	17135	15901	15906
429	14713	17183	15932	15940
430	14730	17236	15968	15974
431	14763	17268	16001	16009
432	14794	17303	16039	16044
433	14821	17339	16071	16079
434	14854	17379	16106	16114
435	14897	17412	16143	16149
436	14930	17443	16178	16185
437	14962	17471	16214	16222
438	14988	17516	16252	16259
439	15023	17553	16287	16295
440	15054	17596	16323	16332
441	15105	17631	16361	16366
442	15135	17663	16394	16400
443	15162	17694	16428	16434
444	15197	17721	16461	16468
445	15225	17761	16493	16502
446	15270	17800	16534	16537
447	15296	17841	16569	16571
448	15340	17875	16605	16605
449	15360	17927	16644	16640
450	15385	17965	16676	16674
451	15421	18013	16709	16710
452	15455	18058	16746	16747
453	15494	18093	16775	16783
454	15515	18117	16813	16819
455	15550	18169	16851	16855
456	15580	18184	16889	16891
457	15608	18219	16924	16928
458	15646	18251	16961	16964
459	15660	18283	17000	17001
460	15687	18317	17041	17037
461	15725	18354	17080	17073
462	15757	18394	17114	17108
463	15791	18414	17152	17144
464	15823	18445	17186	17180
465	15853	18477	17227	17215
466	15901	18503	17267	17251
467	15939	18536	17305	17287
468	15967	18580	17342	17323
469	15999	18626	17375	17359
470	16031	18679	17407	17395
471	16062	18713	17446	17431
472	16097	18760	17480	17466
473	16129	18780	17520	17502
474	16176	18818	17554	17537
475	16201	18863	17596	17573
476	16233	18893	17631	17607
477	16260	18923	17667	17642
478	16301	18954	17711	17676
479	16347	18994	17748	17711
480	16378	19019	17783	17746
481	16420	19067	17822	17786
482	16451	19119	17854	17827
483	16501	19161	17890	17867
484	16535	19216	17927	17908
485	16564	19275	17963	17948
486	16617	19310	18004	17990
487	16661	19347	18050	18032
488	16698	19371	18095	18074
489	16734	19403	18141	18116
490	16763	19450	18185	18158
491	16803	19486	18227	18198
492	16828	19524	18265	18239
493	16876	19571	18310	18279
494	16918	19606	18350	18320
495	16970	19662	18388	18360
496	16999	19698	18439	18402
497	17027	19724	18476	18443
498	17069	19767	18516	18485
499	17098	19805	18557	18526
500	17130	19873	18597	18568
501	17163	19915	18642	18609
502	17220	19945	18685	18649
503	17272	19991	18725	18690
504	17323	20027	18765	18731
505	17355	20081	18809	18771
506	17390	20109	18851	18812
507	17445	20139	18891	18852
508	17481	20167	18934	18893
509	17514	20209	18976	18933
510	17551	20267	19009	18974
511	17607	20292	19052	19014
512	17656	20335	19088	19054
513	17690	20372	19126	19094
514	17721	20435	19168	19134
515	17766	20479	19206	19174
516	17810	20506	19250	19215
517	17845	20536	19291	19255
518	17881	20574	19330	19296
519	17898	20610	19367	19337
520	17928	20656	19409	19378
521	17958	20685	19450	19417
522	17996	20734	19495	19456
523	18033	20780	19533	19496
524	18061	20827	19575	19535
525	18102	20873	19617	19575
526	18141	20906	19654	19615
527	18185	20938	19690	19655
528	18224	20970	19733	19696
529	18255	21016	19773	19736
530	18279	21064	19818	19776
531	18329	21114	19863	19824
532	18382	21157	19917	19872
533	18466	21211	19960	19920
534	18523	21256	20007	19968
535	18570	21318	20052	20016
536	18615	21360	20097	20064
537	18659	21393	20151	20113
538	18709	21457	20197	20162
539	18749	21498	20249	20211
540	18790	21557	20299	20260
541	18846	21585	20345	20308
542	18892	21630	20393	20357
543	18941	21673	20435	20405
544	18985	21710	20485	20453
545	19041	21761	20536	20502
546	19119	21791	20585	20551
547	19175	21824	20633	20600
548	19219	21859	20679	20649
549	19277	21920	20725	20698
550	19334	21980	20777	20747
551	19385	22022	20829	20795
552	19446	22048	20879	20843
553	19487	22083	20928	20891
554	19532	22123	20980	20939
555	19562	22169	21030	20987
556	19625	22205	21078	21035
557	19708	22236	21125	21083
558	19760	22279	21172	21132
559	19831	22331	21215	21180
560	19889	22385	21266	21228
561	19965	22413	21313	21276
562	20012	22443	21364	21324
563	20055	22491	21413	21372
564	20087	22550	21464	21420
565	20117	22603	21517	21469
566	20208	22631	21563	21518
567	20279	22660	21612	21568
568	20334	22704	21658	21618
569	20410	22755	21709	21668
570	20433	22794	21761	21718
571	20504	22825	21809	21768
572	20566	22870	21857	21819
573	20615	22914	21903	21869
574	20667	22967	21948	21919
575	20708	23023	21996	21970
576	20782	23045	22044	22019
577	20844	23090	22090	22069
578	20901	23124	22143	22118
579	20961	23176	22193	22167
580	21014	23231	22241	22217
581	21093	23262	22294	22265
582	21163	23302	22341	22314
583	21230	23337	22393	22363
584	21284	23375	22447	22411
585	21317	23427	22493	22460
586	21412	23453	22542	22510
587	21481	23484	22591	22559
588	21517	23517	22645	22608
589	21579	23561	22693	22658
590	21638	23605	22745	22707
591	21701	23644	22792	22757
592	21764	23676	22839	22808
593	21827	23702	22894	22858
594	21869	23753	22946	22908
595	21914	23801	22997	22958
596	22010	23830	23043	23007
597	22084	23864	23089	23057
598	22149	23907	23139	23106
599	22199	23949	23182	23155
600	22251	24002	23232	23205
601	22332	24024	23274	23254
602	22407	24054	23328	23304
603	22475	24094	23380	23353
604	22526	24137	23430	23402
605	22562	24180	23477	23452
606	22662	24213	23519	23500
607	22742	24241	23566	23549
608	22821	24273	23614	23597
609	22888	24312	23668	23646
610	22938	24360	23716	23694
611	23049	24380	23761	23744
612	23139	24405	23806	23793
613	23207	24429	23850	23842
614	23261	24473	23899	23891
615	23311	24511	23950	23940
616	23448	24539	23984	23989
617	23570	24567	24024	24038
618	23678	24594	24063	24087
619	23777	24625	24108	24136
620	23837	24664	24158	24185
621	23898	24742	24224	24254
622	23938	24835	24296	24323
623	23967	24967	24361	24391
624	23990	25113	24424	24460
625	24005	25285	24485	24529
626	24070	25356	24554	24600
627	24121	25452	24629	24670
628	24155	25551	24701	24741
629	24185	25681	24771	24812
630	24215	25834	24832	24883
631	24271	25902	24899	24953
632	24330	25979	24973	25022
633	24360	26052	25052	25092
634	24392	26157	25116	25162
635	24427	26281	25181	25232
636	24508	26350	25257	25304
637	24572	26433	25337	25376
638	24610	26525	25412	25448
639	24638	26649	25481	25520
640	24667	26767	25550	25592
641	24739	26820	25626	25665
642	24794	26897	25701	25738
643	24840	26972	25778	25810
644	24875	27087	25853	25883
645	24920	27204	25925	25956
646	24978	27258	25992	26025
647	25038	27332	26057	26093
648	25082	27426	26136	26162
649	25124	27515	26210	26231
650	25168	27636	26273	26300
651	25231	27707	26344	26370
652	25294	27793	26416	26441
653	25355	27877	26483	26512
654	25391	27966	26556	26582
655	25435	28054	26625	26653
656	25509	28099	26697	26723
657	25579	28155	26764	26793
658	25644	28238	26831	26863
659	25683	28337	26899	26933
660	25724	28426	26969	27003
661	25819	28480	27041	27075
662	25890	28532	27117	27146
663	25960	28615	27199	27218
664	26019	28676	27271	27289
665	26075	28749	27338	27361
666	26141	28808	27420	27431
667	26212	28886	27498	27502
668	26274	28957	27571	27573
669	26319	29067	27644	27644
670	26366	29153	27714	27714
671	26457	29185	27783	27784
672	26532	29244	27851	27854
673	26592	29306	27913	27923
674	26641	29382	27978	27993
675	26703	29465	28050	28063
676	26787	29499	28124	28136
677	26872	29581	28202	28209
678	26930	29652	28279	28282
679	26992	29734	28360	28355
680	27058	29810	28435	28428
681	27140	29860	28508	28501
682	27230	29916	28587	28573
683	27287	29969	28660	28645
684	27348	30051	28729	28718
685	27391	30137	28804	28790
686	27465	30195	28874	28858
687	27552	30232	28937	28926
688	27615	30293	29009	28994
689	27688	30355	29078	29062
690	27732	30438	29150	29130
691	27826	30480	29216	29199
692	27894	30551	29291	29269
693	27977	30611	29363	29338
694	28029	30674	29430	29408
695	28085	30746	29499	29477
696	28179	30790	29576	29548
697	28249	30858	29653	29619
698	28330	30928	29731	29689
699	28393	30992	29805	29760
700	28439	31052	29871	29831
701	28545	31100	29936	29901
702	28628	31165	30005	29971
703	28687	31237	30076	30042
704	28744	31306	30144	30112
705	28809	31405	30215	30182
706	28891	31456	30282	30253
707	28963	31496	30358	30323
708	29044	31530	30438	30393
709	29122	31586	30516	30463
710	29206	31645	30590	30534
711	29324	31692	30666	30604
712	29404	31748	30735	30674
713	29499	31796	30808	30745
714	29563	31854	30882	30815
715	29623	31908	30950	30886
716	29739	31953	31023	30956
717	29843	31996	31088	31026
718	29928	32042	31153	31096
719	30005	32097	31222	31166
720	30056	32176	31295	31237
721	30125	32204	31346	31287
722	30181	32237	31395	31337
723	30248	32281	31443	31387
724	30302	32323	31494	31438
725	30362	32371	31537	31488
726	30448	32399	31579	31537
727	30526	32428	31629	31586
728	30591	32471	31676	31635
729	30654	32514	31724	31684
730	30721	32564	31772	31733
731	30791	32600	31819	31781
732	30864	32641	31861	31829
733	30945	32680	31911	31877
734	31009	32722	31956	31925
735	31065	32772	31999	31973
736	31133	32812	32045	32021
737	31183	32847	32088	32069
738	31237	32892	32134	32117
739	31281	32944	32183	32164
740	31314	32992	32233	32212
741	31371	33023	32270	32252
742	31409	33063	32308	32292
743	31455	33104	32346	32331
744	31492	33133	32383	32371
745	31537	33165	32424	32410
746	31585	33193	32463	32449
747	31646	33231	32503	32487
748	31688	33261	32541	32525
749	31732	33305	32577	32564
750	31750	33343	32613	32602
751	31817	33368	32653	32640
752	31849	33390	32692	32678
753	31891	33417	32732	32716
754	31929	33454	32770	32754
755	31969	33495	32813	32792
756	32035	33533	32845	32832
757	32074	33572	32882	32872
758	32129	33615	32921	32912
759	32169	33658	32963	32951
760	32205	33692	33001	32991
761	32268	33724	33040	33030
762	32311	33753	33083	33069
763	32347	33786	33120	33109
764	32383	33819	33164	33148
765	32419	33871	33200	33187
766	32479	33885	33233	33226
767	32546	33911	33270	33266
768	32589	33936	33309	33305
769	32625	33971	33351	33345
770	32654	34020	33391	33384
771	32712	34039	33430	33420
772	32753	34063	33465	33456
773	32797	34093	33499	33492
774	32828	34129	33538	33528
775	32855	34170	33570	33565
776	32925	34199	33609	33602
777	32980	34228	33648	33639
778	33030	34263	33686	33676
779	33074	34292	33719	33713
780	33111	34337	33755	33750
781	33167	34375	33799	33792
782	33221	34415	33840	33834
783	33250	34470	33880	33876
784	33290	34535	33923	33918
785	33315	34608	33966	33961
786	33363	34645	34003	34002
787	33406	34682	34043	34043
788	33439	34736	34082	34084
789	33481	34787	34121	34125
790	33509	34859	34161	34166
791	33575	34889	34200	34208
792	33634	34927	34240	34250
793	33669	34980	34283	34292
794	33711	35027	34323	34334
795	33741	35087	34364	34375
796	33796	35109	34402	34418
797	33841	35146	34444	34460
798	33888	35180	34481	34502
799	33917	35222	34519	34544
800	33947	35282	34556	34587
801	34002	35316	34607	34636
802	34065	35373	34658	34685
803	34106	35432	34706	34734
804	34148	35489	34759	34783
805	34179	35567	34809	34832
806	34247	35615	34859	34881
807	34288	35660	34911	34930
808	34324	35704	34964	34978
809	34364	35772	35011	35027
810	34394	35848	35057	35076
811	34464	35887	35115	35128
812	34500	35948	35168	35180
813	34553	35997	35219	35232
814	34589	36050	35270	35284
815	34625	36111	35318	35336
816	34676	36153	35370	35386
817	34733	36208	35420	35436
818	34778	36265	35472	35486
819	34819	36325	35524	35536
820	34849	36393	35573	35586
821	34903	36458	35638	35650
822	34955	36539	35705	35714
823	34995	36624	35768	35778
824	35030	36751	35836	35842
825	35063	36881	35894	35906
826	35119	36955	35958	35970
827	35181	37012	36025	36034
828	35218	37108	36086	36098
829	35254	37227	36140	36162
830	35283	37362	36198	36226
831	35350	37415	36269	36292
832	35399	37480	36345	36359
833	35448	37562	36416	36425
834	35500	37646	36478	36491
835	35545	37730	36541	36558
836	35600	37799	36605	36621
837	35640	37879	36663	36684
838	35682	37961	36725	36747
839	35728	38034	36792	36811
840	35770	38123	36852	36874
841	35834	38186	36914	36938
842	35899	38241	36985	37002
843	35968	38302	37052	37065
844	36010	38367	37112	37129
845	36042	38465	37172	37193
846	36117	38532	37243	37259
847	36175	38587	37313	37325
848	36220	38665	37378	37391
849	36288	38765	37446	37458
850	36323	38861	37507	37524
851	36407	38917	37566	37588
852	36454	38988	37631	37652
853	36511	39044	37698	37717
854	36551	39142	37762	37781
855	36600	39216	37822	37846
856	36684	39274	37896	37910
857	36746	39319	37957	37975
858	36800	39373	38027	38040
859	36837	39437	38091	38104
860	36882	39505	38155	38169
861	36963	39549	38225	38237
862	37025	39610	38298	38304
863	37076	39689	38366	38372
864	37129	39788	38431	38439
865	37169	39889	38498	38507
866	37241	39943	38569	38573
867	37307	39992	38647	38639
868	37364	40060	38719	38705
869	37411	40115	38789	38771
870	37463	40179	38857	38837
871	37520	40262	38927	38902
872	37562	40344	39000	38967
873	37605	40431	39063	39032
874	37646	40521	39132	39098
875	37677	40642	39186	39163
876	37734	40716	39261	39229
877	37788	40784	39325	39294
878	37845	40867	39391	39360
879	37885	40955	39459	39426
880	37931	41053	39526	39492
881	37985	41125	39586	39556
882	38030	41196	39651	39620
883	38075	41304	39718	39684
884	38117	41400	39779	39748
885	38163	41508	39835	39812
886	38205	41561	39901	39877
887	38256	41626	39966	39943
888	38299	41682	40028	40008
889	38337	41762	40095	40073
890	38374	41845	40159	40138
891	38433	41895	40227	40202
892	38477	41961	40297	40267
893	38528	42028	40364	40331
894	38573	42123	40429	40395
895	38616	42215	40501	40460
896	38680	42263	40564	40525
897	38736	42324	40630	40590
898	38790	42399	40700	40656
899	38835	42473	40758	40721
900	38875	42561	40826	40787
901	38958	42617	40895	40853
902	39018	42667	40964	40919
903	39066	42735	41026	40985
904	39128	42802	41092	41051
905	39168	42868	41155	41117
906	39223	42918	41230	41182
907	39264	43001	41295	41248
908	39284	43067	41350	41313
909	39317	43138	41409	41378
910	39362	43231	41474	41443
