GDD5	MTCO	PANN	E_PE	TANN	MTWA
E001	1022.477	-4.549	859.789	98.891	4.627	15.278
E008	1148.201	-4.084	1231.601	99.306	5.115	15.692
E017	754.188	-12.267	754.358	101.591	0.256	13.793
E032	1379.665	-2.544	871.395	99.867	6.518	16.753
E035	1516.177	-1.989	748.389	97.493	7.148	17.272
E042	2511.517	0.127	863.895	81.2	10.806	20.889
E060	1271.064	-3.058	1077.3	99.679	5.967	16.288
E061	2185.672	-0.058	1073.087	97.698	9.936	19.954
E062	1213.931	-12.525	1304.842	96.751	2.466	16.314
E063	1722.794	-5.301	959.905	93.327	7.07	18.816
E066	1455.201	-2.027	971.443	98.9	6.915	16.999
E069	1256.417	-4.195	700.192	96.685	5.434	16.279
E070	608.606	-12.86	523.067	100.379	-0.711	12.958
E071	1363.06	-3.2	731.71	95.893	6.172	16.69
E077	1988.275	-2.854	987.885	99.397	8.575	19.582
E080	3448.372	5.146	756.557	65.11	14.257	22.978
E088	4677.504	10.34	655.856	49.877	17.769	24.928
E106	2981.479	1.168	477.819	39.322	12.521	22.533
E109	4971.775	10.984	694.818	42.437	18.573	25.619
E111	3016.969	0.871	434.922	34.114	12.387	22.277
E126	1387.539	-3.513	634.237	92.136	6.185	16.931
E140	676.928	-12.008	526.003	100.49	-0.062	13.367
E141	738.302	-9.259	506.289	97.152	1.297	13.635
E142	729.991	-9.34	491.857	97.221	1.226	13.594
E154	1757.12	-1.895	589.794	87.996	7.913	18.4
E155	1208.495	-6.186	702.817	97.691	4.536	16.21
E165	1415.982	-3.238	599.79	91.946	6.384	17.065
E169	1510.157	-2.985	612.522	90.023	6.649	17.306
E194	550.864	-29.868	296.024	89.982	-8.146	13.367
E195	559.457	-29.626	325.121	94.553	-8.027	13.401
E197	791.251	-24.899	488.86	92.178	-4.499	15.119
E198	1923.891	0.718	739.6	86.049	9.207	18.592
E202	1796.043	-0.214	1290.992	95.985	8.652	18.234
E215	1088.256	-7.967	1441.843	103.107	3.344	15.506
E216	856.07	-6.765	971.566	98.245	2.828	14.174
E258	2249.753	-0.239	878.898	66.154	10.299	20.281
E281	1133.933	-8.768	673.07	100.667	3.136	15.808
E287	1583.741	-1.409	782.224	98.473	7.543	17.507
E296	1641.919	-1.251	721.91	95.704	7.769	17.763
E297	1641.919	-1.251	721.91	95.704	7.769	17.763
E298	1640.458	-1.259	722.461	95.755	7.762	17.758
E302	1183.76	-5.783	570.94	92.803	4.511	16.052
E303	1070.611	-7.01	576.975	94.35	3.642	15.551
E307	1178.024	-5.839	573.368	92.953	4.459	16.002
E309	1224.272	-11.261	1253.17	99.665	3.244	16.742
E335	1913.382	0.513	738.095	91.228	9.094	18.575
E339	3085.903	4.32	677.172	63.638	13.267	21.885
E343	3127.631	4.808	905.802	75.744	13.47	21.911
E348	1722.794	-5.301	959.905	93.327	7.07	18.816
E358	2567.377	1.573	882.2	88.684	11.406	20.973
E370	3613.144	5.816	568.57	56.365	14.605	23.222
E401	1193.626	-6.183	578.267	93.63	4.4	16.111
E404	1756.189	-1.89	587.476	87.938	7.919	18.406
E405	546.092	-11.856	469.602	100.311	-0.721	12.373
E406	458.735	-12.607	435.753	101.387	-1.463	11.793
E407	472.342	-13.076	526.305	101.551	-1.586	11.858
E408	415.209	-14.176	485.306	100.901	-2.16	11.648
E411	886.514	-8.77	557.099	98.015	2.164	14.508
E416	897.281	-9.057	573.362	98.806	2.145	14.69
E417	718.613	-11.534	528.664	100.407	0.312	13.613
E418	1004.376	-6.768	574.933	93.543	3.454	15.128
E421	498.83	-12.554	453.686	100.49	-1.24	12.066
E423	992.901	-7.976	596.813	96.571	2.945	15.18
E424	933.677	-8.571	586.289	98.33	2.492	14.878
E425	985.016	-7.87	594.354	96.835	2.967	15.137
E426	996.834	-7.668	600.351	95.713	3.1	15.216
E427	945.933	-7.54	562.333	96.494	2.947	14.905
E428	999.597	-7.056	589.029	93.946	3.352	15.171
E429	944.688	-7.462	533.217	94.178	2.982	14.903
E431	1013.018	-6.829	565.609	92.85	3.471	15.2
E434	942.486	-8.944	612.852	98.391	2.418	15.042
E435	1013.307	-6.546	553.194	91.966	3.607	15.2
E466	3494.26	6.624	770.654	68.665	14.333	22.275
E497	3036.964	2.938	839.516	70.557	12.865	22.272
E524	749.39	-8.087	933.45	99.316	1.848	13.593
E528	1934.712	-2.957	908.836	98.001	8.41	19.593
E532	1816.178	-3.699	818.452	98.348	7.551	18.95
E537	1963.413	-1.622	679.188	91.011	8.626	19.232
EC01	1249.801	-6.031	929.965	99.896	4.661	16.141
EC02	1180.113	-6.443	920.429	100.128	4.304	15.88
EC03	1161.168	-7.972	949.885	100.741	3.629	15.79
ER02	2501.368	0.578	750.907	65.572	10.96	20.714
ER13	2225.375	-1.44	856.376	72.059	9.692	20.055
ER17	1984.589	-2.782	597.426	60.228	8.845	19.579
ER22	1706.057	-5.106	660.464	64.98	7.343	18.749
ER25	1534.4	-6.711	712.746	68.829	6.292	18.151
ER28	1344.412	-9.354	1102.661	90.285	4.525	17.142
ER45	2369.744	-0.325	782.982	67.905	10.394	20.42
ER47	2375.329	-0.272	774.26	67.446	10.426	20.437
ES01	2485.011	0.399	786.478	63.368	10.871	20.693
ES02	1755.222	-4.291	1390.204	85.336	7.762	18.96
ES03	3200.482	5.256	763.216	64.994	13.558	21.816
ES04	3522.367	6.774	794.246	60.865	14.733	22.562
ES05	2977.725	3.002	771.965	55.919	12.725	21.725
ES06	3972.015	8.643	734.433	59.899	15.671	22.82
ES07	5550.589	9.348	2016.806	36.214	18.009	23.166
ES08	4339.671	10.052	608.38	53.451	16.726	23.447
ES09	1510.962	-5.895	2113.001	107.912	6.694	18.292
ES10	3201.302	5.26	762.455	64.981	13.561	21.818
ES11	3653.718	5.707	472.51	39.455	14.694	22.888
ES12	3983.085	8.687	729.398	59.599	15.706	22.842
ES13	2890.132	2.394	516.276	47.689	12.342	21.595
ES14	3067.991	3.24	634.799	55.446	12.927	21.905
ES15	2958.176	4.911	899.16	78.762	12.572	20.793
ES16	3326.221	4.751	600.33	48.898	13.857	22.327
ES17	2561.179	0.484	706.363	54.789	11.108	20.827
ES18	2988.847	3.867	652.338	57.723	12.991	21.697
ES19	3199.147	5.193	755.948	64.262	13.558	21.841
ES20	3409.303	5.481	519.795	48.538	14.222	22.461
ES21	3416.073	5.515	508.552	47.224	14.236	22.467
ES22	3408.919	5.482	518.656	48.447	14.221	22.46
ES23	2225.727	-1.191	636.003	62.353	9.909	20.206
ES24	4504.126	10.089	521.374	41.167	17.356	24.172
ES25	4281.129	8.514	491.841	37.23	16.613	23.927
ES26	2117.92	-2.204	625.892	60.645	9.266	19.872
ES27	3224.691	5.446	565.885	60.651	13.806	22.023
ES28	4267.433	8.069	445.415	34.062	16.513	23.975
ES29	3325.541	5.954	586.237	60.854	13.98	22.036
ES30	1710.167	-5.428	725.003	71.729	7.099	18.643
ES31	1710.167	-5.428	725.003	71.729	7.099	18.643
ES32	2277.364	-0.681	603.716	61.607	10.183	20.323
ES33	3200.109	4.348	706.799	60.648	13.546	22.185
ES34	5554.798	9.365	2017.559	36.216	18.022	23.174
ES35	5425.695	8.871	2077.926	40.813	17.665	22.945
ES36	2659.952	1.145	707.571	55.905	11.528	21.024
ES37	1394.059	-8.362	824.372	78.815	5.151	17.518
ES38	3500.361	4.854	532.171	43.598	14.154	22.592
ES39	3315.447	5.142	500.77	47.568	13.949	22.302
ES40	1464.95	-6.332	2235.142	112.099	6.412	18.132
ES41	3405.125	5.474	504.64	46.985	14.202	22.448
ES42	2254.515	-0.212	800.048	64.214	10.311	20.281
ES43	3405.125	5.474	504.64	46.985	14.202	22.448
ES44	3231.121	5.621	567.616	61.508	13.818	21.961
ES45	3319.795	6.22	578.796	62.464	13.946	21.862
ES46	3348.123	6.269	576.216	61.515	14.035	21.95
ES47	3341.297	6.021	570.616	59.965	14.069	22.098
K180	534.707	-29.677	752.962	53.408	-7.698	13.398
K183	569.258	-29.001	192.982	71.928	-7.221	13.687
K186	651.556	-28.149	49.992	84.651	-6.388	14.381
K187	568.646	-29.027	98.755	74.87	-7.263	13.673
K188	697.355	-27.259	371.619	87.873	-5.82	14.654
K189	605.836	-29.101	156.987	67.549	-7.056	13.988
K190	595.071	-30.238	331.578	63.105	-7.697	13.838
K191	582.907	-30.631	427.258	56.571	-8.023	13.644
K192	553.821	-31.262	289.602	55.014	-8.374	13.511
K193	636.068	-29.631	269.466	71.795	-7.147	14.219
K194	616.772	-29.97	473.13	62.071	-7.542	13.913
K195	435.404	-33.482	65.778	35.261	-9.999	12.586
K197	466.92	-32.877	107.235	42.529	-9.543	12.846
K198	709.81	-27.767	605.278	77.489	-6.114	14.6
K199	449.585	-33.208	101.118	36.496	-9.806	12.696
K201	839.678	-25.275	818.352	105.1	-4.226	15.718
K202	626.392	-29.012	239.917	85.234	-6.936	14.176
K203	616.204	-29.035	265.154	71.866	-7.054	14.003
K207	672.859	-28.025	335.658	86.621	-6.285	14.484
K208	671.993	-28.041	334.564	86.353	-6.297	14.476
K209	675.741	-28.109	366.484	84.252	-6.31	14.496
K212	700.278	-28.015	392.155	105.092	-6.032	14.88
K213	638.518	-29.642	213.076	63.624	-7.068	14.329
K214	640.135	-29.612	219.438	64.646	-7.046	14.34
K215	798.837	-26.7	664.482	89.675	-5.047	15.431
K216	741.294	-27.778	519.09	81.591	-5.79	15.02
K217	729.413	-27.928	457.392	81.19	-5.899	14.94
K218	593.709	-30.414	209.083	77.644	-7.688	13.973
K219	737.021	-27.404	575.443	107.877	-5.681	15.027
K220	782.626	-26.635	673.039	106	-5.119	15.328
K221	795.445	-26.17	688.437	109.004	-4.857	15.416
K222	789.266	-26.416	692.056	108.222	-4.997	15.375
K223	828.331	-25.602	679.452	110.489	-4.369	15.675
K224	679.646	-28.848	363.758	78.38	-6.548	14.579
K225	683.049	-28.768	398.879	77.529	-6.486	14.6
K229	874.698	-24.862	940.993	100.994	-3.844	15.953
K230	621.724	-29.961	244.611	68.677	-7.3	14.162
K231	633.258	-29.77	247.655	69.952	-7.162	14.26
K232	649.51	-28.289	98.752	85.494	-6.449	14.39
K236	602.588	-27.35	398.496	75.575	-6.237	13.869
K237	627.407	-26.668	737.447	72.343	-5.831	13.977
K238	591.912	-27.725	181.364	79.059	-6.441	13.847
K239	585.875	-28.033	86.697	81.292	-6.602	13.848
K240	604.888	-27.702	173.572	78.751	-6.373	13.972
K241	553.722	-28.701	69.707	73.948	-7.059	13.625
K242	613.503	-28.09	242.684	77.933	-6.58	14.027
K243	629.151	-27.923	297.635	78.77	-6.444	14.134
K244	629.518	-27.879	310.943	78.571	-6.421	14.133
K245	648.761	-27.411	462.112	77.438	-6.124	14.246
K251	746.089	-26.949	482.893	98.774	-5.408	15.055
K252	749.993	-27.138	514.945	94.703	-5.481	15.077
K253	756.848	-26.361	460.519	100.652	-5.102	15.127
K254	766.278	-26.258	491.987	99.6	-5.014	15.189
K255	661.151	-27.463	400.543	82.149	-6.09	14.356
K256	814.728	-25.805	681.634	95.608	-4.6	15.509
K257	793.642	-26.205	608.924	95.035	-4.871	15.37
K258	920.948	-23.93	915.895	108.821	-3.258	16.279
K259	820.429	-25.94	715.368	93.302	-4.639	15.544
K260	835.119	-24.74	641.448	100.093	-4.045	15.643
K261	937.548	-23.881	1001.277	107.382	-3.164	16.388
K262	927.979	-24.052	952.223	106.179	-3.28	16.322
K263	719.378	-28.217	372.924	80.906	-6.102	14.858
K264	923.149	-24.147	909.144	106.882	-3.339	16.297
K267	1012.106	-22.461	994.57	117.172	-2.16	16.945
K269	896.613	-24.925	567.104	100.476	-3.794	16.137
K270	834.5	-26.158	371.152	92.806	-4.634	15.699
K271	808.976	-26.592	397.926	90.564	-4.941	15.518
K272	738.193	-27.921	301.462	83.271	-5.857	15.018
K273	864.195	-25.551	479.691	96.511	-4.222	15.91
K274	863.702	-25.622	406.435	95.737	-4.26	15.907
K275	935.295	-24.225	600.066	104.231	-3.302	16.414
K276	856.927	-25.641	512.242	96.35	-4.291	15.86
K277	696.701	-28.721	219.869	79.03	-6.402	14.728
K278	930.009	-24.02	864.048	108.353	-3.209	16.381
K279	682.41	-28.917	245.395	78.652	-6.533	14.633
R050	862.29	-10.166	539.261	98.408	1.57	14.624
R051	860.108	-10.175	532.856	98.1	1.543	14.587
R052	830.094	-9.903	540.565	97.711	1.55	14.425
R053	830.094	-9.903	540.565	97.711	1.55	14.425
R054	830.094	-9.903	540.565	97.711	1.55	14.425
R055	1145.918	-9.566	575.306	97.491	2.975	16.287
R056	1145.918	-9.566	575.306	97.491	2.975	16.287
R057	1145.918	-9.566	575.306	97.491	2.975	16.287
R058	1145.918	-9.566	575.306	97.491	2.975	16.287
R059	960.189	-10.336	566.263	99.023	1.987	15.324
R060	1112.449	-8.773	551.081	95.304	3.097	15.898
R061	786.887	-19.517	262.685	44.893	-2.128	14.091
R062	791.911	-19.499	257.953	43.574	-2.098	14.13
R063	443.401	-21.749	447.381	68.155	-4.565	11.698
R064	683.313	-20.14	323.078	49.029	-2.857	13.324
R065	759.158	-19.791	259.693	42.275	-2.348	13.962
R066	749.365	-19.769	278.893	42.296	-2.365	13.901
R067	701.188	-20.426	273.232	47.154	-2.845	13.658
R068	1024.267	-19.127	229.952	42.37	-0.886	16.143
R069	1194.16	-17.891	210.12	37.871	0.353	17.267
R070	1147.048	-18.65	270.381	50.842	-0.171	17.045
R071	1133.587	-18.827	302.081	53.868	-0.3	16.975
R072	1136.72	-19.192	350.001	63.074	-0.451	17.074
R073	950.822	-19.568	282.668	56.566	-1.315	15.712
R074	1178.252	-19.208	397.65	70.861	-0.317	17.337
R075	844.637	-20.893	407.56	79.467	-2.405	14.993
R076	844.577	-20.886	403.877	79.247	-2.402	14.992
R077	842.432	-20.927	410.169	79.924	-2.43	14.98
R078	835.901	-20.223	327.241	65.515	-2.149	14.829
R079	831.694	-20.212	324.724	65.168	-2.163	14.792
R080	1122.729	-19.649	411.014	79.056	-0.738	16.934
R081	953.84	-19.494	368.103	68.947	-1.333	15.678
R082	936.849	-19.147	326.062	61.702	-1.261	15.488
R083	705.174	-19.202	280.668	52.183	-2.253	13.63
R084	714.516	-19.047	271.844	50.513	-2.148	13.686
R085	705.389	-19.194	280.853	52.19	-2.249	13.631
R086	899.791	-18.507	316.355	59.803	-1.101	15.13
R087	930.56	-18.388	304.452	58.572	-0.918	15.361
R088	984.283	-18.433	309.178	61.298	-0.702	15.81
R089	942.33	-18.473	309.521	60.288	-0.903	15.472
R090	925.307	-18.415	309.683	59.386	-0.949	15.326
R091	1035.967	-17.54	253.559	43.469	-0.159	15.991
R092	1088.849	-17.956	264.209	48.428	-0.124	16.448
R093	1022.998	-17.745	252.128	45.007	-0.298	15.925
R094	1013.581	-17.554	244.804	43.033	-0.255	15.826
R095	1227.827	-16.534	179.625	30.232	1.036	17.257
R096	1175.332	-16.382	167.184	27.324	0.89	16.842
R097	1115.596	-16.628	182.756	30.25	0.544	16.433
R098	1011.545	-18.646	330.392	63.82	-0.689	16.054
R099	1014.874	-18.596	331.066	64.738	-0.647	16.079
R141	839.491	-20.941	409.734	79.905	-2.448	14.959
R142	806.456	-20.058	314.931	64.251	-2.19	14.569
R143	833.526	-19.994	267.484	63.992	-2.033	14.792
R144	815.101	-19.83	258.677	59.381	-2.025	14.629
R145	911.373	-19.787	338.277	68.374	-1.613	15.42
R146	812.57	-19.468	295.367	58.499	-1.899	14.561
R147	911.933	-19.773	339.433	68.544	-1.604	15.423
R148	815.749	-19.456	297.192	58.989	-1.878	14.591
R149	782.894	-19.026	286.978	55.625	-1.832	14.279
R150	785.396	-18.98	288.989	55.705	-1.801	14.291
R151	785.163	-18.964	288.411	55.911	-1.794	14.293
R152	631.316	-18.748	302.495	54.072	-2.381	12.987
R153	665.286	-17.506	246.09	43.198	-1.648	13.164
R154	616.003	-16.463	237.469	37.962	-1.389	12.642
R155	641.826	-17.919	255.056	47.329	-1.936	13.026
R156	887.996	-17.73	269.991	47.252	-0.823	14.954
R157	776.193	-17.689	244.294	44.264	-1.31	13.958
R158	1080.18	-17.476	274.711	49.644	0.014	16.264
R159	1093.899	-19.068	291.079	55.656	-0.555	16.717
R160	1014.842	-19.107	293.504	58.328	-0.865	16.122
R161	1034.277	-19.128	294.049	57.896	-0.792	16.276
R162	988.999	-19.177	280.964	54.759	-0.974	15.938
R163	1339.747	-8.546	523.326	89.003	4.046	17.178
R188	1669.938	-12.59	339.255	55.367	3.937	19.576
R189	1716.535	-12.236	338.911	55.119	4.194	19.712
R190	2586.638	-5.601	232.478	33.622	8.891	22.352
R191	2456.458	-4.826	129.259	17.035	9.27	22.366
R192	2362.989	-6.146	197.992	29.421	8.33	21.877
R193	2527.949	-4.774	123.877	16.212	9.489	22.686
R194	1971.574	-11.291	376.583	58.553	5.203	20.525
R195	1991.301	-11.003	363.865	57.156	5.349	20.546
R196	1698.887	-13.524	402.256	65.141	3.601	19.656
R197	1570.163	-14.979	400.228	64.852	2.757	19.38
R198	1605.968	-14.671	384.604	61.84	3.006	19.538
R199	1681.048	-13.965	360.227	56.934	3.539	19.85
R200	2480.375	-6.605	299.223	39.505	8.465	22.184
R201	2518.578	-6.181	296.418	37.312	8.791	22.362
R202	1663.192	-10.052	356.684	46.743	5.099	18.637
R203	1552.311	-11.212	448.767	60.873	4.34	18.279
R204	1225.45	-16.824	294.092	47.572	0.83	17.102
R205	1339.888	-15.114	383.574	71.05	1.815	18.205
R206	1275.491	-15.534	387.247	72.727	1.424	17.921
R207	1402.613	-14.595	327.002	58.822	2.259	18.503
R208	1810.607	-11.533	315.062	47.544	4.986	20.282
R209	1698.068	-12.563	341.38	55.038	4.149	19.798
R210	1698.443	-12.559	341.498	55.088	4.152	19.799
R211	1658.722	-13.527	369.7	58.841	3.653	19.677
R212	1251.339	-15.756	402.206	75.268	1.245	17.805
R213	1335.684	-15.279	385.721	71.376	1.714	18.171
R214	1360.733	-14.702	391.674	71.708	2.017	18.229
R215	1380.181	-14.483	388.137	70.854	2.163	18.298
R216	1276.605	-15.504	398.74	74.123	1.433	17.915
R217	1519.655	-13.559	271.518	45.888	3.123	19.05
R218	1665.403	-12.892	354.468	57.684	3.877	19.641
R219	1663.588	-12.907	353.774	57.36	3.86	19.628
R220	1635.772	-13.294	362.803	60.297	3.595	19.498
R221	1658.13	-12.359	334.593	55.681	3.939	19.45
R222	1773.283	-12.472	352.195	55.604	4.373	19.993
R223	1566.511	-12.87	352.949	60.653	3.434	19.065
R224	1716.37	-12.015	333.83	54.635	4.248	19.662
R225	1476.265	-15.319	410.083	69.906	2.273	18.929
R226	1914.975	-11.14	305.933	47.391	5.342	20.433
R227	1574.28	-14.884	370.801	59.747	2.855	19.444
R228	1842.148	-8.724	263.614	37.965	6.143	20.185
R229	1725.28	-12.097	331.732	53.149	4.304	19.771
R230	1665.541	-12.659	338.767	54.807	3.921	19.59
R231	1688.849	-12.572	337.453	56.3	3.991	19.621
R232	1747.036	-12.589	338.758	54.86	4.267	19.939
R233	1638.082	-14.285	366.367	55.189	3.289	19.526
R234	1859.359	-9.178	290.3	42.607	6.009	20.232
R235	1933.522	-10.926	334.575	53.3	5.338	20.389
R236	2058.238	-9.771	347.608	49.252	6.214	20.757
R237	2311.882	-6.991	268.986	39.808	7.815	21.481
R238	1972.602	-10.408	325.508	52.084	5.593	20.477
R239	2020.457	-10.138	354.009	47.984	5.995	20.617
R240	2473.839	-5.729	263.541	36.282	8.767	21.951
R241	1724.421	-13.375	381.188	58.946	3.812	19.743
R242	1856.212	-12.063	381.069	60.89	4.575	20.108
R243	2163.878	-8.472	300.365	46.649	6.81	21.005
R244	2957.44	0.136	245.419	27.2	12.054	23.256
R245	1499.866	-15.303	408.786	66.995	2.456	19.111
R246	1998.002	-10.939	363.383	56.885	5.397	20.568
R247	2393.725	-3.484	295.471	35.85	9.334	21.666
R248	2380.94	-3.541	288.373	35.103	9.295	21.647
R249	2545.177	-6.278	286.577	39.659	8.63	22.238
R250	2557.749	-3.926	316.059	29.512	10.115	22.442
R251	2440.765	-5.791	307.805	33.955	9.031	22.33
R252	2100.146	-9.734	482.476	62.966	6.366	21.078
R253	2117.083	-8.962	580.513	69.904	6.879	21.291
R254	1060.922	-17.881	334.649	53.816	-0.275	16.019
R255	1070.448	-17.805	327.267	52.658	-0.216	16.052
R256	1597.722	-10.268	342.725	45.559	4.804	18.266
R257	1582.438	-14.977	370.95	58.993	2.833	19.473
R258	1654.096	-13.93	300.373	49.446	3.496	19.858
R259	1496.189	-14.177	373.465	65.364	2.745	18.903
R260	1749.184	-11.982	321.893	50.391	4.57	20.012
R261	1747.06	-12.016	322.913	50.642	4.549	20.004
R262	1623.365	-13.713	322.082	46.855	3.534	19.357
R263	1623.669	-13.708	321.964	46.823	3.537	19.358
R264	1628.131	-13.666	321.883	46.707	3.568	19.373
R265	1562.7	-12.219	325.397	55.395	3.739	19.111
R266	1596.157	-11.945	320.285	54.028	3.972	19.265
R267	270.233	-34.698	312.542	99.343	-12.389	10.62
R314	338.709	-31.955	400.137	100.008	-10.307	11.369
R315	582.03	-29.14	571.962	99.5	-7.711	13.419
R316	387.143	-31.563	384.121	99.264	-10.025	11.61
R317	263.608	-31.693	474.488	100.112	-10.824	10.219
R318	98.39	-34.528	302.287	100.038	-12.924	9.047
R319	328.287	-33.543	347.999	99.469	-11.296	11.24
R320	351.867	-32.397	285.135	94.465	-10.56	11.362
R321	397.562	-31.985	293.193	93.704	-10.134	11.752
R322	397.562	-31.985	293.193	93.704	-10.134	11.752
R323	541.291	-29.627	539.917	99.601	-8.145	13.092
R324	475.043	-30.409	480.457	99.682	-8.872	12.527
R325	331.943	-32.169	358.042	99.517	-10.614	11.114
R326	475.043	-30.409	480.457	99.682	-8.872	12.527
R327	259.808	-34.768	276.611	93.088	-12.458	10.377
R328	328.287	-33.543	347.999	99.469	-11.296	11.24
R329	350.092	-32.425	284.439	94.433	-10.582	11.347
R330	339.125	-33.445	208.074	77.655	-11.235	11.328
R331	387.143	-31.563	384.121	99.264	-10.025	11.61
R332	447.016	-30.891	416.905	98.958	-9.389	12.13
R333	174.296	-36.235	355.842	95.974	-13.877	9.286
R334	174.296	-36.235	355.842	95.974	-13.877	9.286
R335	179.103	-36.185	356.653	94.824	-13.816	9.35
R336	179.103	-36.185	356.653	94.824	-13.816	9.35
R337	172.827	-35.732	361.144	96.289	-13.64	9.276
R338	172.827	-35.732	361.144	96.289	-13.64	9.276
R339	619.949	-28.667	313.488	94.676	-7.236	13.964
R340	636.889	-28.483	255.311	73.494	-7.046	14.08
R341	636.889	-28.483	255.311	73.494	-7.046	14.08
R342	608.549	-28.914	381.662	93.536	-7.415	13.781
R343	579.884	-29.192	270.637	77.345	-7.565	13.708
R344	579.884	-29.192	270.637	77.345	-7.565	13.708
R345	614.719	-28.82	376.507	92.403	-7.334	13.833
R346	582.529	-29.299	255.266	75.133	-7.61	13.739
R347	582.529	-29.299	255.266	75.133	-7.61	13.739
R348	582.529	-29.299	255.266	75.133	-7.61	13.739
R349	608.549	-28.914	381.662	93.536	-7.415	13.781
R350	591.631	-29.053	290.008	79.597	-7.466	13.767
R351	582.529	-29.299	255.266	75.133	-7.61	13.739
R352	582.529	-29.299	255.266	75.133	-7.61	13.739
R353	653.104	-28.463	357.395	87.619	-7.021	14.059
R354	653.104	-28.463	357.395	87.619	-7.021	14.059
R355	653.104	-28.463	357.395	87.619	-7.021	14.059
R356	653.104	-28.463	357.395	87.619	-7.021	14.059
R357	653.104	-28.463	357.395	87.619	-7.021	14.059
R358	704.624	-27.951	393.089	90.492	-6.602	14.348
R359	704.624	-27.951	393.089	90.492	-6.602	14.348
R360	591.639	-29.271	379.64	94.058	-7.67	13.668
R361	591.639	-29.271	379.64	94.058	-7.67	13.668
R362	591.639	-29.271	379.64	94.058	-7.67	13.668
R363	591.639	-29.271	379.64	94.058	-7.67	13.668
R364	591.639	-29.271	379.64	94.058	-7.67	13.668
R365	620.837	-29.017	376.348	92.535	-7.476	13.816
R366	620.837	-29.017	376.348	92.535	-7.476	13.816
R367	620.837	-29.017	376.348	92.535	-7.476	13.816
R368	620.837	-29.017	376.348	92.535	-7.476	13.816
R369	582.876	-29.3	257.662	75.28	-7.62	13.733
R370	309.926	-34.058	239.926	81.537	-11.757	11.016
R371	596.448	-29.154	313.66	97.685	-7.501	13.757
R372	452.606	-31.577	308.56	88.86	-9.575	12.524
R373	582.876	-29.3	257.662	75.28	-7.62	13.733
R374	611.025	-28.685	255.507	71.458	-7.16	13.99
R375	561.45	-29.621	317.786	91.379	-8.023	13.405
R376	567.098	-29.728	327.532	87.482	-8.081	13.416
R377	1056.274	-8.639	470.22	92.751	3.037	15.688
R378	1186.521	-16.194	524.516	94.793	0.758	17.437
R379	1033.473	-19.326	561.073	96.256	-1.237	16.578
R380	1351.903	-17.527	490.987	82.607	1.043	18.498
R381	261.587	-28.536	377.244	100.204	-9.18	11.242
R382	744.378	-23.527	501.243	96.121	-4.498	14.623
R383	1031.627	-19.582	560.013	97.593	-1.316	16.629
R384	1152.225	-16.541	520.455	96.014	0.461	17.221
R385	1437.869	-12.65	410.978	76.068	3.43	18.871
R386	1266.229	-14.333	394.503	76.641	1.827	17.714
R387	1471.169	-7.071	603.144	93.497	5.189	17.824
R388	1086.063	-8.144	556.934	95.753	3.258	15.733
R389	3259.609	2.308	1083.453	67.878	13.435	23.569
R390	1061.961	-8.791	543.186	95.364	2.925	15.661
R391	806.44	-11.108	545.445	99.866	0.865	14.172
R392	1209.059	-8.849	536.005	93.092	3.429	16.498
R393	1346.835	-8.238	514.534	87.633	4.148	17.131
R394	1054.183	-8.624	476.435	93.074	3.031	15.674
R395	896.831	-14.79	482.894	99.529	-0.117	15.257
R396	984.022	-23.082	338.541	74.755	-2.839	16.492
R397	1189.927	-14.044	618.297	98.406	1.674	17.331
R398	1035.628	-19.653	530.208	98.054	-1.29	16.655
R399	1281.149	-7.881	540.88	90.297	4.003	16.681
R400	1159.263	-19.238	554.609	100.261	-0.547	17.467
R401	1182.063	-6.42	577.933	94.17	4.241	16.028
R402	1144.835	-19.135	548.936	99.745	-0.596	17.376
R403	774.424	-11.62	482.277	98.567	0.532	14.039
R404	2012.748	-3.599	527.587	75.092	8.095	19.774
R405	2056.823	-3.244	529.345	74.259	8.34	19.896
R406	3192.582	0.877	716.199	68.575	12.209	22.979
R407	1758.325	-4.786	557.372	82.048	6.752	18.66
R408	1031.141	-18.716	449.705	97.267	-0.915	16.591
R409	1010.89	-17.088	397.381	92.56	-0.475	16.225
R410	1259.511	-17.509	459.743	90.122	0.553	17.972
R411	1238.284	-17.973	518.024	94.831	0.272	17.869
R412	988.613	-18.041	501.152	92.006	-0.979	16.091
R413	1100.938	-17.39	527.859	94.921	-0.093	16.953
R414	861.581	-21.535	551.502	97.563	-3.07	15.37
R415	1195.672	-19.704	930.446	100.177	-0.52	17.704
R416	1887.392	-10.133	457.878	58.665	5.832	20.192
R417	1469.164	-9.502	455.854	79.595	4.368	18.222
R418	1710.047	-7.771	430.914	70.868	5.918	19.302
R419	2280.133	-1.072	570.789	75.007	9.42	20.124
R420	2161.149	-1.045	626.947	84.185	9.327	19.897
R421	2057.652	-1.49	639.83	87.306	8.905	19.569
R422	830.539	-25.055	617.016	100.025	-4.282	15.683
R423	708.744	-26.512	570.801	100.086	-5.801	14.518
R424	609.589	-28.176	410.857	100.814	-7.031	13.706
R425	571.518	-29.369	254.957	75.154	-7.702	13.647
R426	1015.595	-23.381	474.161	99.677	-2.843	16.762
R427	364.357	-32.442	271.152	93.795	-10.521	11.441
R428	675.789	-21.662	330.617	86.723	-4.073	14.017
R429	655.855	-21.969	232.872	79.885	-4.338	13.839
R430	631.531	-21.519	408.598	92.756	-4.241	13.685
R431	980.741	-17.737	420.811	88.286	-0.921	15.99
R432	591.477	-20.586	351.113	91.554	-4.09	13.284
R433	648.151	-21.351	499.88	100.372	-3.995	13.917
R434	647.67	-25.384	286.317	85.506	-5.858	13.872
R435	562.265	-25.724	465.234	98.431	-6.389	13.368
R436	659.758	-16.773	430.42	100.017	-2.155	13.638
R437	834.483	-19.486	503.947	95.815	-2.321	15.102
R438	849.24	-18.465	358.45	98.072	-1.794	15.213
R439	662.187	-21.376	459.91	96.59	-3.977	13.968
R440	832.85	-18.636	434.34	97.25	-1.958	15.094
R441	682.26	-19.994	419.236	102.815	-3.22	14.159
R442	818.49	-22.738	546.887	98.082	-3.779	15.115
R443	747.505	-24.357	444.598	92.763	-4.871	14.612
R444	846.785	-23.056	612.18	98.99	-3.705	15.455
R445	1124.606	-16.873	488.815	87.839	0.145	16.955
R446	849.994	-18.444	359.018	98.039	-1.779	15.204
R447	951.421	-19.334	499.241	98.643	-1.564	16.075
R448	961.078	-19.434	568.539	97.808	-1.601	16.111
R449	395.417	-27.604	394.934	99.818	-8.097	12.156
R450	744.809	-24.504	594.797	97.839	-4.942	14.611
R451	779.162	-23.747	517.608	98.039	-4.427	14.859
R452	819.382	-22.696	551.966	98.199	-3.755	15.1
R453	1390.034	-14.311	346.698	77.895	2.57	18.738
R454	871.902	-16.525	530.019	95.806	-0.921	15.165
R455	891.586	-16.092	490.938	95.205	-0.685	15.244
R456	634.702	-12.54	496.475	101.448	-0.49	13.176
R457	946.198	-18.907	520.448	98.142	-1.475	15.967
R458	1181.25	-16.338	470.27	87.57	0.641	17.333
R560	1097.941	-7.44	558.14	94.542	3.578	15.738
R561	1321.626	-6.669	556.005	94.289	4.726	16.881
R562	1045.406	-8.401	461.039	91.618	3.129	15.67
R563	1067.957	-7.448	540.482	92.847	3.477	15.604
R564	1145.755	-6.971	562.853	95.528	3.942	15.96
R565	1060.169	-7.322	565.564	94.141	3.472	15.515
R566	1045.43	-8.354	513.52	94.45	3.12	15.651
R567	1062.896	-7.789	554.993	94.913	3.282	15.521
R568	1123.619	-7.335	568.565	97.163	3.72	15.86
R569	1310.245	-8.371	530.571	90.527	4.019	17.044
R570	1134.86	-7.966	564.629	95.141	3.479	15.938
R571	1340.114	-7.661	584.956	93.64	4.437	17.136
R572	108.374	-24.963	948.747	125.617	-8.118	10.012
R573	1344.799	-8.174	535.17	89.813	4.256	17.246
R574	1408.513	-7.853	528.996	87.104	4.672	17.617
R575	1418.808	-7.846	542.386	88.624	4.814	17.801
R576	1427.931	-7.92	545.256	89.352	4.681	17.675
R577	1402.528	-8.023	546.219	90.095	4.554	17.561
R578	1297.575	-9.23	539.895	93.436	3.726	17.148
R579	1348.414	-8.492	526.297	89.144	4.11	17.233
R580	1367.304	-8.188	520.993	86.775	4.509	17.582
R581	1321.291	-9.142	531.981	91.118	3.806	17.223
R582	968.227	-9.289	550.493	97.637	2.471	15.303
R583	841.658	-19.077	678.119	95.849	-2.028	15.067
R584	1415.486	-7.8	526.135	86.074	4.721	17.649
R585	1081.138	-7.145	579.186	95.001	3.593	15.566
R586	3094.697	-0.246	969.489	67.389	11.674	22.468
R587	1807.718	-7.181	621.016	65.985	6.663	18.997
R588	2047.789	-10.475	359.842	54.99	5.744	20.737
R589	2149.658	-9.885	347.375	53.355	6.181	21.05
R590	1983.481	-8.098	194.371	29.74	6.626	20.735
R591	1234.859	-19.098	400.491	72.86	-0.012	17.842
R592	2166.396	-8.501	301.485	47.128	6.786	21.023
R593	2167.072	-8.426	289.928	45.832	6.823	21.062
R594	1791.267	-7.928	383.18	61.168	5.908	19.506
R595	1719.51	-13.445	387.043	60.417	3.787	19.786
R596	1506.41	-15.997	555.814	84.394	2.305	19.265
R597	1540.742	-15.782	604.588	88.328	2.535	19.474
R598	1134.905	-7.4	568.2	99.853	3.827	16.053
R599	1189.273	-6.67	563.698	94.784	4.195	16.133
R600	1139.33	-7.049	570.481	96.183	3.869	15.897
R601	1702.957	-7.495	372.095	59.525	5.942	19.266
R602	1817.58	-6.904	415.692	62.561	6.398	19.55
R603	1607.412	-6.484	527.035	84.671	5.84	18.413
R604	1661.263	-6.863	527.562	81.482	5.778	18.602
R605	1249.652	-6.332	577.261	95.022	4.508	16.353
R606	1531.172	-5.78	597.859	91.126	5.73	17.786
R607	1697.894	-5.969	558.738	86.253	6.477	18.968
R608	1653.788	-6.602	531.797	83.048	5.918	18.6
R609	1598.046	-6.819	537.644	83.911	5.575	18.268
R610	1565.952	-6.877	538.397	84.604	5.436	18.108
R611	1553.679	-6.424	553.915	87.556	5.676	18.125
R612	1664.465	-8.077	454.54	73.918	5.627	19.091
R613	1170.189	-6.178	576.736	93.086	4.337	16.023
R614	1151.313	-6.825	575.216	95.064	3.959	15.883
R615	1508.88	-5.933	600.207	91.052	5.603	17.722
R616	1086.551	-7.272	572.873	95.254	3.568	15.597
R617	1199.405	-7.28	584.366	97.577	3.966	16.149
R618	1190.321	-6.684	574.821	95.333	4.154	16.069
R619	1865.34	-6.273	402.962	60.909	6.881	19.811
R620	1950.306	-6.255	496.884	58.772	7.488	19.723
R621	1920.964	-6.408	691.861	65.678	7.245	19.307
R622	2337.58	-6.883	273.596	40.24	7.922	21.547
R623	2193.031	-8.287	276.609	44.244	6.925	21.169
R624	1155.373	-20.104	442.239	82.857	-0.722	17.393
R625	2259.959	-8.672	352.452	48.723	7.078	21.466
R626	2286.304	-7.621	269.444	41.739	7.441	21.486
R627	1632.757	-14.442	345.255	52.497	3.235	19.582
R628	1813.59	-6.468	455.282	69.689	6.641	19.58
R629	1407.443	-5.223	588.645	95.271	5.571	17.155
R630	1361.259	-5.868	576.592	94.259	5.074	16.867
R631	1526.899	-5.099	595.659	92.562	5.883	17.536
R632	1465.43	-5.484	567.849	90.994	5.52	17.291
R633	1644.719	-6.199	526.174	83.968	6.026	18.516
R634	1942.435	-4.643	530.699	76.499	7.567	19.686
R635	1846.655	-4.738	542.086	79.585	7.113	19.13
R636	1761.504	-6.941	479.507	75.491	6.277	19.341
R637	1302.648	-5.224	581.808	92.861	5.253	16.74
R638	1924.305	-3.565	560.222	81.069	7.736	19.25
R639	1758.139	-5.204	542.643	82.018	6.707	18.827
R640	1850.204	-5.288	529.328	78.361	7.041	19.371
R641	1818.82	-5.266	553.147	82.129	7.01	19.303
R642	1907.676	-4.943	515	75.265	7.373	19.649
R643	1897.977	-5.067	522.997	76.601	7.292	19.58
R644	1450.416	-5.044	606.861	95.204	5.747	17.302
R645	1417.1	-4.93	596.196	93.756	5.624	17.066
R646	1436.476	-5.272	610.586	96.092	5.644	17.28
R647	1359.894	-6.09	596.799	96.35	5.009	16.894
R648	1499.726	-4.226	622.449	97.244	6.287	17.578
R649	1471.232	-4.924	621.791	96.707	5.932	17.558
R650	1493.838	-4.526	604.148	94.427	6.073	17.474
R651	1494.365	-4.851	632.571	96.565	6.019	17.619
R652	1352.75	-4.91	585.159	92.419	5.474	16.836
R653	1351.736	-4.957	623.656	93.178	5.426	16.794
R654	1108.586	-6.617	577.082	93.599	3.931	15.721
R655	1066.147	-6.919	567.58	93.554	3.678	15.554
R656	2226.182	-8.085	336.676	44.064	7.336	21.208
R657	2329.704	-7.426	263.681	40.429	7.63	21.658
R658	2210.684	-4.852	349.211	44.224	8.305	21.036
R659	2060.873	-10.289	339.284	43.087	6.029	20.826
R660	1669.706	-4.55	590.124	91.201	6.624	18.305
R661	2000.831	-2.576	579.182	81.276	8.188	19.29
R662	2044.698	-2.561	574.83	79.999	8.339	19.494
R663	2010.675	-2.705	572.365	80.512	8.222	19.404
R664	2026.589	-2.508	576.511	80.509	8.277	19.378
R665	1711.88	-3.845	582.069	87.853	6.861	18.187
R666	1977.368	-5.429	451.076	63.652	7.389	20.052
R667	2175.501	-2.948	538.309	71.576	8.742	20.306
R668	2150.623	-2.594	538.415	73.105	8.771	20.117
R669	2069.74	-4.89	413.817	56.554	7.864	20.412
R670	2068.415	-4.728	479.711	64.455	7.859	20.289
R671	1459.295	-4.396	583.294	93.206	5.976	17.249
R672	2006.491	-2.963	559.669	79.817	8.223	19.542
R673	1829.148	-4.519	508.331	77.151	7.225	19.103
R674	2184.33	-2.562	539.492	71.781	8.846	20.208
R675	1939.078	-4.733	399.143	59.41	7.658	19.936
R676	1533.383	-4.088	610.504	95.055	6.398	17.634
R677	1434.351	-4.578	636.978	94.58	5.853	17.158
R678	1516.162	-3.896	593.658	93.498	6.375	17.495
R679	1541.756	-3.279	614.386	92.155	6.677	17.552
R680	1388.364	-4.419	616.912	92.904	5.743	16.926
R681	1419.212	-4.632	616.91	93.884	5.769	17.077
R682	1520.06	-4.287	606.792	98.623	6.426	17.775
R683	1492.934	-4.431	640.12	98.22	6.206	17.579
R684	1727.668	-3.21	624.366	91.626	7.367	18.462
R685	1540.712	-4.124	606.478	96.106	6.452	17.73
R686	1560.738	-3.916	603.376	94.68	6.55	17.744
R687	2216.975	-1.371	831.002	90.797	9.892	20.708
R688	2474.398	-2.248	635.581	68.574	10.468	21.863
R689	1895.012	-11.631	374.894	53.457	4.987	20.206
R742	3657.037	2.218	289.829	26.242	13.986	24.628
R743	3469.108	1.289	330.156	30.949	13.201	24.128
R744	3654.177	4.003	1170.851	74.204	14.321	24.006
R745	4250.067	5.647	354.71	28.539	16.17	25.596
R746	3984.021	4.462	337.187	27.932	15.482	25.244
R747	4236.653	5.128	262.976	22.25	16.091	25.766
R748	4264.063	5.367	254.378	21.854	16.278	25.877
R749	4322.402	5.817	362.015	28.929	16.321	25.697
R750	4281.805	5.622	352.723	27.734	16.265	25.706
R751	4260.761	5.458	288.064	24.14	16.275	25.836
R752	4005.016	3.959	271.94	23.845	15.257	25.309
R753	4434.812	6.361	362.491	28.233	16.742	25.949
R754	2396.667	-2.735	419.584	50.907	9.468	21.369
R755	-87.471	-15.393	77.957	-0.722	-3.016	8.359
R756	1207.6	-9.237	551.763	92.81	3.364	16.606
R757	405.175	-25.732	252.978	78.956	-7.459	11.848
R758	178.744	-33.959	291.551	100.184	-12.262	9.751
R759	1659.447	-4.229	596.187	90.405	6.628	18.063
R760	1790.972	-3.027	608.567	89.119	7.438	18.463
R768	1803.743	-2.877	597.377	92.506	7.714	18.762
R769	1360.364	-5.912	579.06	94.537	5.056	16.866
R770	663.358	-25.221	682.552	99.542	-5.683	14.038
R771	806.429	-21.964	538.207	97.572	-3.5	15.015
R772	1255.595	-13.76	501.862	90.804	1.971	17.63
R773	1255.595	-13.76	501.862	90.804	1.971	17.63
R774	1255.595	-13.76	501.862	90.804	1.971	17.63
R775	1255.595	-13.76	501.862	90.804	1.971	17.63
R776	251.61	-23.418	733.648	112.063	-6.644	11.158
R777	273.56	-23.497	732.591	111.143	-6.522	11.404
R778	273.56	-23.497	732.591	111.143	-6.522	11.404
R782	1175.895	-15.269	393.589	74.549	1.095	17.242
R783	1471.924	-12.835	388.978	70.867	3.326	18.901
R784	1248.111	-15.031	434.551	83.444	1.438	17.624
R785	1129.086	-15.933	512.358	84.131	0.71	17.051
R786	1186.294	-15.375	500.834	82.408	1.175	17.371
R788	1139.922	-15.834	530.148	84.821	0.791	17.105
R789	859.594	-21.431	596.619	98.096	-2.975	15.392
R790	895.581	-19.158	467.009	92.876	-1.92	15.486
R791	509.721	-21.868	247.488	49.217	-4.29	12.398
R792	465.485	-22.057	261.625	51.324	-4.569	12.059
R793	419.033	-22.265	276.597	53.611	-4.866	11.705
R794	378.942	-22.439	291.24	55.79	-5.122	11.397
R795	471.429	-21.988	266.304	51.636	-4.514	12.091
R796	303.183	-22.704	320.254	60.133	-5.578	10.798
R797	374.18	-22.38	299.85	56.768	-5.122	11.337
R798	408.088	-22.233	287.798	54.933	-4.906	11.597
R799	419.992	-22.253	277.363	53.663	-4.857	11.71
R800	373.599	-22.387	299.326	56.731	-5.128	11.334
R801	365.187	-22.501	296.232	56.544	-5.21	11.292
R802	357.808	-22.537	298.384	56.901	-5.259	11.236
R803	310.825	-22.732	318.93	59.845	-5.555	10.872
R804	297.111	-22.723	323.975	60.62	-5.614	10.749
R805	267.78	-22.856	334.603	62.287	-5.804	10.525
R806	230.525	-23.027	348.454	64.462	-6.046	10.241
R807	-9.726	-24.158	444.049	79.62	-7.627	8.415
R808	154.252	-23.376	378.53	69.155	-6.542	9.659
R809	673.558	-20.799	271.927	48.191	-3.113	13.535
R810	667.034	-20.832	273.371	48.42	-3.156	13.486
R811	2364.438	-0.732	555.722	70.869	9.987	20.664
R812	2375.073	-1.279	510.711	65.14	9.884	20.897
R813	2100.569	-1.828	583.988	80.109	8.761	19.631